127.943933, 183.985826
127.01562, 183.5
125.216688, 181.345538
124.13281, 175.654297
124.01172, 170.732422
124.31445, 175.404297
125.583292, 181.084999
127.32422, 183.056641
128.640288, 183.392817
130.35547, 183.060541
135.243243, 179.780664
144.88867, 168.152338
150.901239, 159.010357
153.17383, 154.681635
154.323143, 153.175714
155.84961, 152.505853
163.625343, 150.867675
166.25, 149.619134
166.348792, 149.384978
166.13086, 148.855464
166.313055, 148.647065
167.38867, 149.529294
168.47213, 150.698226
172.38086, 154.3164
176.337163, 157.88984
178.3125, 159.736322
187.037936, 165.482162
196.24219, 167.34765
200.382212, 166.839879
203.55859, 165.537103
204.301079, 165.238774
204.38281, 165.345697
204.069824, 165.709891
202.35547, 166.869135
200.460874, 167.578839
196.24219, 167.933588
191.986069, 167.564023
188.63477, 166.638666
185.412972, 165.235503
182.92773, 163.871088
176.977563, 159.584288
169.19727, 152.406244
166.79883, 149.964834
164.83398, 150.84765
160.692244, 152.364598
156.42383, 153.269525
154.4707, 153.539056
152.34961, 157.371088
145.602191, 168.195019
138.29883, 177.511713
133.584408, 181.898316
129.93555, 183.84765
129.012986, 184.107913
128.4707, 184.13476
128.4707, 184.134766
130.626934, 172.799458
130.53711, 172.566406
130.659199, 172.306342
131.20117, 172.015625
134.041842, 169.599414
140.03711, 153.855469
141.417182, 149.333427
141.72266, 148.73047
142.021733, 148.605607
142.23047, 148.81247
142.100267, 150.730574
137.94922, 162.453095
137.497768, 163.713505
137.45312, 163.998017
136.373088, 167.61312
132.24023, 171.943329
131.167243, 172.68552
130.83789, 172.851532
130.83789, 172.851562
138.664235, 154.466736
138.300782, 153.949219
137.972105, 153.031602
137.986332, 151.722656
137.996508, 150.300895
137.799837, 150.105121
137.511635, 150.221638
136.750002, 151.544922
136.275292, 152.511178
136.210789, 152.502032
136.207697, 152.300847
136.582032, 150.876953
136.475865, 150.78013
136.097662, 151.076172
135.715852, 151.372445
135.607422, 151.273438
136.652289, 148.993777
137.121092, 148.90234
137.361999, 148.91659
137.677732, 148.59961
138.228323, 148.667644
138.810552, 153.050781
138.808674, 154.279747
138.759752, 154.458984
138.759772, 154.458984
137.362153, 148.915893
137.12173, 148.9014
136.652764, 148.99296
135.60769, 151.27421
135.716056, 151.372882
136.098, 151.075652
136.475911, 150.780193
136.58204, 150.877094
136.207685, 152.301045
136.210737, 152.502397
136.275245, 152.511559
136.74989, 151.545511
137.511636, 150.221895
137.80006, 150.105036
137.99685, 150.300593
137.98689, 151.721898
137.972791, 153.031113
138.30164, 153.948918
138.58195, 153.944346
138.81029, 153.050313
138.227903, 148.668155
137.67733, 148.60016
137.67733, 148.60016
133.38525, 150.216859
133.41996, 150.28142
133.573242, 150.242138
134.98468, 149.42306
136.421446, 147.95991
136.30917, 147.17129
135.928661, 147.154068
134.57653, 148.53216
134.57653, 148.53216
133.385165, 150.216649
134.576172, 148.53125
135.928138, 147.154495
136.308592, 147.17188
136.420965, 147.960553
134.984382, 149.42383
133.573176, 150.242039
133.419922, 150.28125
133.419922, 150.28125
141.41773, 149.333354
140.03693, 153.855463
134.042263, 169.599641
131.20174, 172.015912
130.659555, 172.306324
130.53735, 172.566228
130.767308, 172.726956
132.24041, 171.943095
136.373481, 167.612842
137.45361, 163.997689
137.498071, 163.713309
137.94855, 162.453472
142.100776, 150.731318
142.23115, 148.81327
142.022404, 148.605911
141.72332, 148.73037
141.72332, 148.73039
139.761014, 141.832507
138.83594, 141.60547
138.847351, 141.388757
140.07227, 141.17383
144.051907, 140.331115
146.82617, 138.27734
150.401659, 132.676495
151.28516, 128.67578
151.438896, 127.400248
151.63281, 127.24805
152.152591, 127.855908
150.76953, 132.74609
147.592786, 138.331375
144.63867, 140.99609
143.5364, 141.44613
141.66406, 141.77148
141.66406, 141.77148
138.896922, 133.087334
138.03516, 132.76177
135.032316, 130.256717
134.91016, 129.14067
135.136589, 129.098115
136.61914, 130.59575
138.309572, 132.036723
139.67578, 132.41216
141.119782, 132.249616
141.42969, 132.01372
141.406623, 131.758378
141.11328, 131.61724
140.158954, 130.986205
139.5293, 127.89849
139.795422, 126.637407
140.5918, 125.49614
142.412216, 124.741755
144.4668, 125.42774
145.67923, 126.198815
145.89844, 126.15626
145.670987, 124.800169
141.05859, 123.37306
138.769523, 123.610967
137.33984, 124.4629
136.19827, 125.431312
136.07031, 125.36524
136.495785, 124.432194
138.72656, 123.0586
141.777311, 122.502489
144.54297, 123.22267
145.917798, 125.273775
145.12109, 129.51954
143.663073, 131.756367
142.56641, 132.59767
141.330362, 133.020067
140.11328, 133.18165
140.11328, 133.18169
142.022459, 131.043209
142.60156, 130.97074
144.959841, 128.571781
143.7207, 125.68559
141.481232, 125.789256
140.2207, 128.31059
140.698755, 130.303581
141.57812, 130.99613
141.57812, 130.99614
142.693187, 129.913875
142.01758, 129.67388
140.978387, 128.32447
141.13672, 126.75396
141.371349, 126.576381
142.47656, 126.45513
143.778448, 127.154691
143.99219, 128.74614
143.601299, 129.502883
143.19531, 129.83599
143.19531, 129.83599
140.978956, 128.324831
142.01852, 129.67401
143.116391, 129.735388
143.9915, 128.74668
143.778074, 127.154479
142.47614, 126.45446
141.371408, 126.576719
141.13686, 126.75456
141.13686, 126.75456
144.959404, 128.5721
142.60121, 130.97082
141.048338, 130.477692
140.22012, 128.31049
141.480864, 125.789566
143.72049, 125.68619
143.72049, 125.68619
149.493981, 125.173043
149.70602, 125.26312
149.757496, 125.167108
148.65044, 123.67465
147.302736, 122.164566
147.11824, 122.08619
147.072981, 122.170606
148.17382, 123.67465
148.17382, 123.67465
149.493141, 125.173503
148.17383, 123.67388
147.073869, 122.170387
147.11914, 122.08599
147.303526, 122.164348
148.65039, 123.67388
149.756711, 125.167584
149.70508, 125.26372
149.70508, 125.26372
150.402312, 132.677472
146.82624, 138.2783
144.051826, 140.331164
140.07206, 141.17293
138.84812, 141.388718
138.83687, 141.60576
141.459111, 142.05016
144.63791, 140.99522
147.592397, 138.331088
150.76983, 132.74682
152.151943, 127.856582
151.63195, 127.2487
151.438403, 127.400971
151.28613, 128.67675
151.28613, 128.67675
152.826639, 133.456082
154.86924, 134.7939
154.946604, 134.666187
154.28233, 133.67061
153.544741, 132.45725
153.07491, 130.79152
152.760336, 129.626281
152.61875, 129.63139
152.61875, 129.63139
155.056524, 128.994789
156.43736, 129.78302
159.54952, 130.61439
159.72768, 130.36826
159.471818, 130.150714
158.74293, 130.02851
156.44947, 129.470378
154.64833, 127.91014
154.486388, 127.898764
154.43946, 128.12955
154.43946, 128.12955
154.46954, 126.437881
154.39844, 126.22857
154.572466, 125.748715
155.26367, 125.19146
156.010927, 124.667653
156.12695, 124.40435
155.7246, 124.116677
154.19336, 125.0645
153.135998, 125.930192
152.72266, 126.05669
152.642777, 125.902273
153.70703, 124.66802
155.193984, 123.372808
155.46875, 123.27739
155.664311, 123.155219
155.80859, 122.58208
155.924323, 122.539211
156.1875, 122.99028
156.880866, 123.539882
160.27734, 123.30669
160.844372, 123.031756
160.79688, 122.87896
159.760043, 122.827965
159.1543, 122.85946
158.848299, 122.459766
160.01758, 120.70125
165.99528, 116.729283
170.5293, 116.31258
173.302872, 117.73592
174.10938, 119.55477
174.019348, 119.891522
173.04688, 121.40047
171.98438, 122.88094
173.29102, 122.88094
174.426897, 122.511134
176.69922, 120.39852
178.566074, 117.794825
179.26953, 116.12899
179.749323, 114.769877
179.875, 114.77742
179.752229, 116.364748
176.80273, 121.0411
174.294867, 122.679546
166.15625, 123.83016
157.306812, 124.772242
155.26172, 125.89461
154.776089, 126.362648
154.59375, 126.47274
154.59375, 126.47271
156.278399, 121.005131
157.58789, 119.627
158.990649, 118.258977
160.61328, 116.42974
162.197597, 114.584239
162.28516, 114.54302
162.315701, 114.587419
161.79102, 115.70903
161.05136, 116.764675
159.00781, 118.71489
156.917464, 120.63014
156.48633, 121.22271
156.243114, 121.474204
156.13867, 121.41411
156.13867, 121.41411
158.990276, 118.258926
157.58731, 119.62664
156.277934, 121.004705
156.13803, 121.41366
156.242818, 121.473994
156.48681, 121.22185
156.91788, 120.629644
159.0078, 118.71564
161.051307, 116.764304
161.79089, 115.7081
162.315677, 114.588477
162.28524, 114.54378
162.197671, 114.584985
160.61317, 116.43008
160.61317, 116.43008
157.742025, 113.968968
157.51077, 113.94531
157.2535, 113.654145
157.16495, 113.30277
157.279509, 113.127426
157.51077, 113.15108
157.768027, 113.442246
157.85658, 113.79363
157.85658, 113.79363
157.742929, 113.968727
157.85742, 113.79302
157.768917, 113.441623
157.51172, 113.15044
157.279245, 113.126592
157.16406, 113.30278
157.253402, 113.654225
157.51172, 113.94536
157.51172, 113.94536
155.309404, 112.064081
153.29297, 110.33013
149.329808, 109.561754
147.33008, 111.2481
147.500455, 111.527839
149.3125, 111.55669
152.02934, 111.599908
155.02539, 112.44536
155.02539, 112.44536
155.30931, 112.06484
155.02525, 112.44618
152.029453, 111.600335
149.31284, 111.55673
147.50018, 111.527396
147.32976, 111.24742
149.329469, 109.561617
153.29255, 110.33061
153.29255, 110.33061
156.172884, 110.449304
156.80763, 112.13691
156.637657, 112.250825
156.16614, 111.88755
153.710288, 109.654241
151.24961, 108.98136
148.072492, 109.72974
146.92607, 111.13785
146.058582, 112.982519
145.34483, 113.34964
145.146837, 113.046259
146.70636, 110.2541
149.617163, 108.261005
153.59786, 108.6086
153.59786, 108.6086
151.399749, 114.596275
149.95465, 116.38944
148.212468, 116.828583
147.05804, 115.89205
146.935552, 114.98778
147.2682, 113.96158
148.02111, 113.257585
149.34979, 112.95252
150.744115, 113.170715
151.31019, 113.58148
151.31019, 113.58148
148.926399, 116.953414
149.95508, 116.38872
151.39992, 114.596404
151.31055, 113.58208
150.744316, 113.171284
149.34961, 112.95317
148.020691, 113.257551
147.26758, 113.96099
146.935446, 114.987813
147.05859, 115.89263
147.607588, 116.706474
148.21875, 117.01372
148.21875, 117.01372
146.269322, 114.674159
146.54688, 114.13872
146.413482, 113.844334
146.125, 113.91021
145.924017, 114.436298
146.043, 114.69927
146.04297, 114.69927
146.268877, 114.674541
146.04283, 114.69972
145.923632, 114.436536
146.12453, 113.90996
146.412833, 113.844506
146.54601, 114.1394
146.54597, 114.1394
146.058982, 112.982644
146.92578, 111.13872
148.072324, 109.729801
151.25, 108.98052
153.710433, 109.65347
156.16602, 111.88677
156.638339, 112.25082
156.80859, 112.13677
156.173434, 110.449515
153.59766, 108.60943
149.617482, 108.261499
146.70703, 110.25396
145.147665, 113.046256
145.3457, 113.34966
145.3457, 113.34966
146.16602, 110.05474
148.143069, 108.174975
149.42383, 107.47857
152.706057, 107.45411
156.16406, 109.65435
157.91016, 111.5313
161.08203, 107.73247
164.189085, 103.884714
165.7793, 101.71489
167.436931, 99.649866
168.28711, 99.02739
168.43067, 98.383141
167.33008, 97.86333
162.616169, 98.553561
160.36328, 99.94927
159.713147, 100.457579
159.58594, 100.38286
160.091252, 99.260349
162.35156, 97.93364
163.580887, 97.587365
165.56836, 97.24028
166.858233, 96.772681
166.87891, 96.41411
166.117445, 95.991565
163.14453, 95.11138
160.10352, 94.36724
162.44922, 94.32814
164.752081, 94.486266
166.03711, 94.88479
167.28354, 95.432291
167.423146, 95.402534
167.433248, 95.27204
166.65234, 94.25197
163.049203, 91.063106
160.49609, 90.31643
160.174385, 90.444699
159.67578, 91.09377
159.125997, 91.516567
158.20898, 91.45119
157.405545, 90.946302
157.35938, 90.67385
157.609812, 90.5247
158.14062, 90.67585
158.693414, 90.736294
159.60742, 90.16804
160.48633, 89.2989
158.52344, 89.3126
156.813955, 89.505694
156.69141, 89.7208
156.571155, 89.940037
155.00586, 90.15244
153.249223, 90.401968
151.75977, 91.0294
149.393306, 93.275591
147.99414, 96.70518
147.669092, 97.615524
147.47656, 97.66026
147.24162, 97.69887
146.319497, 99.126347
145.536724, 100.674256
145.58203, 100.97471
145.749984, 101.021533
147.20898, 100.45127
150.274351, 99.678352
154.3457, 100.02549
158.370422, 102.220513
159.58398, 105.09385
159.467158, 105.138789
158.92773, 104.37119
153.593901, 100.214544
146.63281, 101.3458
145.092541, 102.585861
144.24414, 103.76572
143.312051, 107.250766
143.85742, 110.86338
144.33398, 112.14849
143.673902, 120.459851
141.18164, 119.22271
138.659149, 117.847804
137.79883, 117.39263
137.772504, 117.256048
137.97266, 117.19146
143.679758, 119.389239
143.86328, 120.41802
143.86328, 120.41802
136.496, 124.432531
136.07036, 125.3658
136.198314, 125.431791
137.34019, 124.46218
138.769398, 123.610906
141.05768, 123.37353
145.670306, 124.800024
145.8979, 126.15583
145.67871, 126.19843
144.4664, 125.42779
142.412365, 124.742399
140.59246, 125.49699
139.795259, 126.638262
139.52849, 127.8994
140.159234, 130.986235
141.11394, 131.61698
141.407486, 131.758393
141.43046, 132.0141
141.120291, 132.24978
139.67517, 132.41121
138.309152, 132.036111
136.61891, 130.59587
135.13642, 129.098831
134.90999, 129.14143
135.032423, 130.257141
138.03605, 132.76138
139.897693, 133.232143
142.56619, 132.59772
143.662688, 131.756552
145.12049, 129.52008
145.917422, 125.274398
144.54278, 123.22333
141.777668, 122.502986
138.72752, 123.05866
138.72752, 123.05865
138.659714, 117.847159
141.1821, 119.22202
143.674303, 120.459063
143.86362, 120.41722
143.679947, 119.388727
137.97233, 117.192
137.773273, 117.256204
137.79943, 117.392
137.79943, 117.392
134.899626, 117.150755
134.60352, 117.18169
134.485969, 117.158071
134.48047, 116.98443
135.010647, 116.756441
135.35156, 117.22075
135.252643, 117.442539
135.14844, 117.41802
135.14844, 117.41802
134.486907, 117.157745
134.60414, 117.18112
134.900199, 117.15026
135.14899, 117.4176
135.252835, 117.442118
135.35143, 117.22152
135.010854, 116.757426
134.48118, 116.98504
134.48118, 116.98504
131.729887, 119.189351
131.9002, 119.30638
132.15485, 119.194815
132.26642, 118.90926
132.204324, 118.574279
132.11392, 118.51215
131.993032, 118.565117
131.7477, 118.90926
131.7477, 118.90926
131.730306, 119.189854
131.74805, 118.91021
131.992626, 118.565046
132.11328, 118.51177
132.203776, 118.574134
132.26562, 118.91021
132.154398, 119.195265
131.90039, 119.30669
131.90039, 119.30669
129.803704, 119.108824
129.66858, 120.24307
129.411773, 121.325875
129.00003, 122.06232
128.637118, 122.742018
128.69226, 123.01195
129.146812, 123.127566
129.31254, 122.78116
129.336258, 122.318965
130.03286, 121.18793
130.734356, 120.073912
130.72595, 119.73266
130.713179, 119.434099
130.96747, 119.17311
130.976875, 119.056665
130.62381, 118.94063
129.881851, 118.957026
129.8219, 119.00853
129.8219, 119.00856
129.030271, 123.257651
128.69141, 123.01177
128.636523, 122.741956
129.0, 122.06255
129.411542, 121.325667
129.66797, 120.24224
129.803992, 119.108114
129.82227, 119.00786
129.882131, 118.956597
130.62305, 118.94146
130.97618, 119.057465
130.9668, 119.17388
130.713482, 119.434444
130.72656, 119.73247
130.7349, 120.073679
130.0332, 121.18755
129.336259, 122.318953
129.3125, 122.7813
129.324698, 123.140041
129.2148, 123.26177
129.21484, 123.26177
123.803468, 125.937476
123.668, 125.36333
122.861113, 122.545295
123.26761, 122.08599
123.474127, 122.188566
123.79495, 122.7813
124.025934, 122.797888
124.85159, 120.78325
125.762441, 118.13117
126.75589, 115.88482
131.523988, 109.185034
137.52347, 104.88677
138.452001, 104.06325
139.00003, 102.56646
139.260108, 100.846453
139.40433, 100.14653
139.414579, 99.577108
139.2598, 99.45122
137.147298, 100.246691
133.81058, 104.23443
130.557452, 107.876017
126.3262, 109.98833
125.542503, 110.431334
124.52347, 111.69732
121.631918, 115.462394
117.41214, 119.08013
114.798729, 120.780497
114.38675, 120.89458
114.17204, 121.239654
114.89651, 121.92974
115.883762, 122.174953
118.2598, 122.19146
120.182775, 122.150665
120.385235, 122.231884
120.365025, 122.342619
118.93167, 122.80669
117.57034, 123.14849
119.76761, 124.39067
121.96683, 125.63482
121.81644, 124.45513
122.125006, 124.176379
122.73245, 124.66802
123.460151, 125.937146
123.68753, 126.05669
123.6875, 126.05669
113.988197, 120.445658
117.24805, 118.41607
120.733593, 115.007593
124.91211, 108.98052
127.982501, 103.065601
131.60547, 94.28716
132.492379, 92.139248
133.32422, 90.51567
134.103732, 88.869435
136.36133, 82.57232
138.543786, 76.240796
139.00977, 75.09575
139.440459, 73.951387
139.53711, 73.30864
139.645495, 72.666872
140.56055, 70.26177
141.57812, 67.87896
140.8125, 67.1895
135.276514, 63.299924
128.79297, 60.752
126.514426, 60.246615
124.03906, 59.89067
121.54688, 59.62505
121.54688, 62.08208
121.42548, 64.527763
121.00195, 67.5645
120.215952, 70.862784
115.37305, 86.43169
113.002498, 93.875295
112.26562, 96.35943
108.84136, 108.772495
106.92188, 116.05083
106.38281, 118.15825
107.24414, 118.53325
108.917633, 118.718511
110.02344, 117.99614
110.707261, 117.139921
111.17188, 116.74614
111.239616, 116.811497
110.50977, 117.8438
109.33008, 119.27935
111.00391, 120.10357
111.81147, 120.459345
112.43164, 120.64263
112.43164, 120.64263
113.725013, 122.052349
117.53392, 124.01347
121.32368, 125.973938
121.68368, 126.05829
123.044949, 126.916259
123.97881, 130.82903
124.066851, 131.40498
125.00621, 134.37522
125.930011, 137.314124
125.89315, 137.47965
125.733061, 137.567683
121.83989, 138.09689
114.714099, 138.467145
103.39104, 137.81531
101.660124, 137.6721
100.22272, 137.60799
99.146798, 137.257184
98.885466, 136.6802
99.672053, 133.182689
102.50947, 126.05735
103.68663, 123.213375
105.05455, 119.2071
105.349156, 118.617973
105.55602, 118.51215
105.829576, 118.565691
109.80309, 120.24087
109.80309, 120.24087
112.071259, 115.362456
113.25391, 113.28521
114.840544, 110.161851
117.55664, 103.55669
120.140288, 96.88569
121.19141, 94.33013
124.859407, 85.148947
126.72656, 79.39653
127.828891, 76.273057
128.73047, 74.73052
128.971724, 74.750602
128.98633, 75.21489
128.498129, 76.411606
126.23633, 82.71099
123.956602, 89.004825
122.04492, 93.94146
120.12808, 98.875643
118.7168, 102.80474
115.538745, 110.408936
112.80469, 114.69341
112.002007, 115.650507
111.95703, 115.62505
111.95703, 115.62505
104.817936, 115.078538
103.398547, 113.283332
101.971344, 111.251535
101.8418, 110.83989
101.939237, 110.78391
102.43945, 111.20708
104.693022, 114.180162
104.94727, 115.0313
104.94727, 115.0313
101.971819, 111.250979
103.398763, 113.283447
104.817894, 115.079321
104.947186, 115.03212
104.693058, 114.180966
102.440046, 111.20779
101.939665, 110.783488
101.842316, 110.8393
101.842316, 110.8393
99.599407, 107.908835
94.386719, 101.85161
88.552776, 93.793682
87.138672, 90.11919
87.268917, 90.064989
87.966797, 91.3106
89.198572, 93.582212
91.994141, 97.46489
99.759945, 107.629097
99.720703, 107.91997
99.720703, 107.91997
92.320816, 106.336043
99.957665, 112.89586
103.79222, 116.968748
104.24968, 119.33456
103.700148, 121.261897
102.01848, 125.45525
100.349502, 129.656046
99.396338, 132.7949
98.484369, 135.84517
98.287377, 135.98525
98.003049, 135.912638
96.536356, 135.02849
88.888593, 131.910101
85.645725, 132.94031
85.338436, 132.834215
85.035269, 126.93217
84.850048, 120.311295
84.439341, 116.01815
83.992739, 111.727576
83.852604, 107.79421
84.347808, 98.357325
84.897864, 97.86212
85.117283, 97.962627
87.017157, 100.31918
87.017157, 100.31918
88.552661, 93.793003
94.387636, 101.85122
99.598981, 107.908634
99.720242, 107.9198
99.759475, 107.628935
91.993466, 97.465
89.198426, 93.581673
87.966953, 91.3097
87.268629, 90.06405
87.138217, 90.11836
87.138217, 90.11836
80.885412, 109.546799
80.740287, 109.32553
80.820004, 108.746467
80.992442, 108.42706
81.190627, 108.382261
81.377159, 108.59418
81.379064, 109.02205
81.125004, 109.49265
81.125004, 109.49265
80.905807, 109.690909
81.125, 109.49224
81.378938, 109.021654
81.376953, 108.5938
81.190369, 108.382601
80.992188, 108.42778
80.819833, 108.747179
80.740234, 109.32622
80.77365, 109.635388
80.826174, 109.69927
80.826172, 109.69927
81.236163, 112.68796
81.431909, 112.56938
81.31, 112.255104
80.65383, 111.71736
80.477594, 111.78436
80.53452, 112.10051
80.53452, 112.10051
81.089074, 112.770158
80.535156, 112.09966
80.478252, 111.783795
80.654297, 111.71685
81.310008, 112.255609
81.431641, 112.57036
81.36584, 112.865917
81.257812, 112.90239
81.257812, 112.90239
80.223992, 114.846688
80.178516, 115.5771
80.224897, 115.850843
80.387421, 115.86069
80.816563, 114.385326
79.87759, 113.20684
79.722994, 113.308434
79.88249, 113.90131
79.88245, 113.90131
81.359187, 115.525239
81.112728, 116.12945
79.575925, 117.318592
78.665409, 116.55173
78.803706, 116.267741
79.204538, 116.12945
79.505317, 115.987054
79.529942, 115.73233
78.809393, 115.481928
78.381998, 116.22873
78.750844, 116.856588
79.770214, 117.24418
80.834849, 116.999358
81.606736, 116.12519
82.031255, 114.877083
82.011897, 114.41479
81.863582, 114.37195
81.62013, 114.73954
81.62013, 114.73954
80.068533, 116.011347
80.177734, 115.57622
80.223674, 114.845814
79.882812, 113.90044
79.722926, 113.308489
79.876912, 113.20708
80.815962, 114.385768
80.386678, 115.86138
80.133646, 116.087448
80.083943, 116.08013
80.083984, 116.08013
78.751173, 116.856352
78.382812, 116.22857
78.809648, 115.482496
79.529297, 115.73247
79.504913, 115.986729
79.205078, 116.12896
78.804327, 116.267065
78.666016, 116.55083
79.576517, 117.317832
81.113281, 116.12896
81.359905, 115.525286
81.621094, 114.74028
81.863831, 114.37179
82.011719, 114.41411
82.031333, 114.876549
81.607422, 116.12505
80.834931, 116.999468
79.769531, 117.24419
79.769531, 117.24419
79.804588, 119.901225
79.066406, 119.46099
77.404859, 117.823864
76.935547, 116.2813
76.976071, 116.165046
77.023437, 116.16997
77.126006, 116.332541
78.666015, 118.27739
79.753745, 119.653426
79.861327, 119.85357
79.861328, 119.85357
80.81506, 127.060903
79.399096, 128.16053
78.492503, 128.32104
79.418389, 128.38054
80.903851, 127.600345
81.777726, 124.43877
81.661094, 122.590417
81.512002, 122.34159
81.386726, 122.399314
81.381784, 123.78472
81.381784, 123.78472
79.429667, 124.416027
79.183594, 124.07232
79.165407, 123.791343
79.335938, 123.67388
79.59129, 123.785841
79.703125, 124.07232
79.641052, 124.40679
79.550781, 124.4688
79.550781, 124.4688
79.429487, 124.415929
79.550351, 124.46888
79.640735, 124.406771
79.702848, 124.07177
79.591278, 123.786216
79.336626, 123.67465
79.166309, 123.791689
79.184129, 124.07177
79.184129, 124.07177
76.689579, 126.106456
76.912352, 127.20412
77.084693, 127.1886
77.332721, 125.91019
77.308988, 124.393134
77.177471, 124.36961
77.177471, 124.36961
78.405043, 126.233356
78.837891, 126.13482
79.442128, 126.21936
79.449219, 126.31841
79.016517, 126.416801
78.412109, 126.33211
78.412109, 126.33208
79.017237, 126.416716
79.45007, 126.31785
79.442927, 126.218935
78.838316, 126.13479
78.405481, 126.233641
78.412631, 126.33257
78.412631, 126.33255
76.689365, 126.106912
77.177734, 124.36919
77.30904, 124.392743
77.332031, 125.91021
77.084377, 127.189545
76.912109, 127.20513
76.912109, 127.20513
78.492188, 128.32041
79.398438, 128.16026
80.814183, 127.060841
81.380859, 123.78526
81.386315, 122.399628
81.511719, 122.3419
81.66082, 122.590784
81.777344, 124.43955
80.903406, 127.600855
79.417969, 128.38096
79.417969, 128.38091
78.096538, 130.742042
78.924769, 131.4983
79.825393, 132.244504
80.480927, 132.95812
80.942031, 133.30934
81.0861, 133.21381
80.215462, 130.899145
78.294974, 130.02851
78.076528, 130.131253
77.973783, 130.41647
77.973783, 130.41647
80.941727, 133.308915
80.480469, 132.95898
79.824742, 132.244834
78.923828, 131.49805
78.097006, 130.741601
77.974609, 130.41602
78.077093, 130.131701
78.294922, 130.0293
80.21516, 130.899335
81.085938, 133.21289
81.085938, 133.21289
80.549406, 136.661636
80.633425, 136.7734
80.984226, 136.675407
81.259007, 136.38236
81.173468, 136.239183
80.740287, 136.38236
80.740287, 136.38236
80.549136, 136.661699
80.740234, 136.38281
81.174093, 136.239409
81.259766, 136.38281
80.984336, 136.675756
80.632812, 136.77344
80.632812, 136.77344
78.64479, 136.313982
78.240234, 136.05273
78.279639, 135.89439
78.693359, 135.87891
79.098191, 136.140381
79.058594, 136.29883
79.058594, 136.29883
78.644377, 136.313379
79.058498, 136.29808
79.097992, 136.13976
78.693129, 135.87851
78.279008, 135.893804
78.239523, 136.05214
78.239523, 136.05214
86.843861, 144.074654
87.119866, 144.07909
87.461699, 143.72063
87.331142, 143.53045
87.058882, 143.619396
86.794462, 143.92302
86.794462, 143.92302
86.844267, 144.074262
86.794924, 143.92383
87.059568, 143.62016
87.332033, 143.53125
87.461495, 143.720754
87.119143, 144.07812
87.119143, 144.07812
86.156403, 147.978344
85.401167, 148.96979
85.513208, 149.091416
86.214939, 148.59368
87.803672, 147.456915
89.300154, 147.13675
90.08089, 147.374953
90.07013, 147.63314
88.284164, 148.855827
87.489742, 149.85707
87.57464, 149.939746
88.456788, 149.31802
89.827709, 148.441942
91.541837, 147.94796
93.36246, 147.6854
91.885757, 146.99783
89.409133, 146.478529
87.276037, 147.10104
87.276037, 147.10104
88.284532, 148.855912
90.070314, 147.63281
90.081065, 147.374778
89.300783, 147.13672
87.803955, 147.456859
86.214846, 148.59375
85.512479, 149.092292
85.400393, 148.9707
86.155673, 147.979056
87.275393, 147.10156
89.409233, 146.478707
91.886721, 146.99805
93.363283, 147.68555
91.541018, 147.94727
89.827462, 148.441827
88.457033, 149.31836
87.575101, 149.940049
87.490236, 149.85742
87.490236, 149.85742
94.032075, 157.20298
95.965542, 160.235613
96.149954, 161.319165
95.947702, 162.212828
95.559029, 162.336339
94.967758, 161.652643
91.851046, 157.577251
85.798986, 154.83162
84.751721, 154.393754
84.54423, 154.009826
85.427659, 153.197887
90.174111, 154.485472
90.174111, 154.485472
91.827012, 153.997196
92.478518, 153.667969
93.537568, 153.194939
94.724611, 152.962891
95.828442, 152.746486
95.95508, 152.574219
95.574305, 151.867094
92.765627, 150.482422
91.869635, 149.937449
91.912111, 149.67578
92.538703, 149.592002
93.962893, 150.027344
95.359131, 150.541572
95.546877, 150.486328
96.759568, 147.98261
96.42383, 145.82031
94.745997, 144.353683
90.250002, 143.5
88.873033, 143.284334
88.86719, 143.08008
91.539878, 142.800603
95.119143, 143.98438
96.648064, 144.711918
96.781252, 144.67383
96.852147, 144.5085
97.482424, 141.02148
97.87026, 137.566829
97.707033, 137.00977
97.262043, 136.588764
94.832033, 135.16602
92.235038, 134.159877
88.998049, 133.67383
85.805429, 133.754306
85.39258, 134.0293
85.025193, 135.345243
84.718752, 147.30273
84.716752, 152.464844
86.964799, 152.693359
89.154453, 153.095875
90.335893, 153.597656
91.058461, 153.978011
91.443314, 154.068359
91.443361, 154.068359
94.790773, 161.229067
94.598276, 163.566727
93.740955, 163.667662
89.833426, 161.809174
86.172549, 159.53795
84.601605, 158.039551
83.583855, 156.125812
83.76271, 155.585897
84.465009, 155.434873
87.207537, 156.232752
87.207537, 156.232752
97.671626, 155.665819
97.829122, 158.015552
97.607783, 160.191573
97.282402, 160.52011
96.844662, 160.42067
96.498268, 159.89719
96.168753, 159.207494
94.342622, 156.888872
92.518861, 154.645497
92.533159, 154.521807
93.847055, 153.80078
95.705257, 153.48522
96.786976, 153.784075
97.405414, 154.550412
97.405414, 154.550412
97.608566, 160.191083
97.83008, 158.015625
97.672493, 155.666093
97.406252, 154.550781
96.787473, 153.783674
95.70508, 153.484375
93.847003, 153.80023
92.533205, 154.521484
92.518877, 154.645186
94.341799, 156.888672
96.168407, 159.206895
96.498049, 159.896484
96.844937, 160.420184
97.283205, 160.519531
97.283205, 160.519531
95.647686, 162.754946
95.947268, 162.212891
96.149336, 161.319522
95.964848, 160.236328
94.031533, 157.203782
90.173832, 154.486328
85.428194, 153.198215
84.544926, 154.009766
84.752213, 154.393794
85.798832, 154.832031
91.850357, 157.577365
94.966801, 161.652344
95.385115, 162.643541
95.515629, 162.787109
95.515627, 162.787109
94.790171, 161.228745
87.207033, 156.232422
84.464556, 155.434495
83.762438, 155.585487
83.583667, 156.125306
84.601564, 158.039062
86.17248, 159.537495
89.833097, 161.808769
93.740351, 163.667322
94.597658, 163.566406
94.597658, 163.566406
93.452149, 164.139267
91.212891, 163.378906
87.07524, 161.177466
84.779297, 159.044922
83.326083, 156.217945
83.478516, 154.574219
83.843114, 153.186247
84.3125, 136.38281
84.337779, 119.515562
84.177734, 117.51953
83.920998, 115.528543
83.640625, 112.35742
83.254247, 109.263877
83.025391, 108.88867
82.220703, 108.77311
81.669922, 109.4082
81.284217, 109.945436
80.533203, 110.10352
79.722499, 109.81343
79.425781, 109.42188
79.480098, 109.170702
79.658203, 109.14844
79.903271, 109.144095
80.048828, 108.84961
79.664837, 108.174348
78.263672, 107.78906
78.006661, 108.056722
78.324222, 109.2793
79.076175, 110.76758
78.158206, 109.62695
77.446236, 108.449306
77.423831, 107.94141
77.334895, 107.49791
76.253909, 106.60352
74.902347, 105.8125
74.740237, 107.49609
73.773946, 120.124799
73.699222, 126.05664
73.68399, 131.802478
73.386722, 134.68359
73.056022, 137.459345
73.183597, 137.66016
73.478089, 137.71369
75.398441, 137.63476
77.328128, 137.49608
76.703128, 136.64257
76.7437, 136.567992
76.939456, 136.65627
80.201092, 138.10275
83.240237, 136.94143
83.507431, 136.791396
83.556644, 136.86133
83.266068, 137.546872
83.324222, 137.95312
83.208037, 138.164519
77.734378, 138.35547
72.017149, 138.087179
71.250003, 137.75977
70.497054, 137.395879
68.126956, 137.17578
65.673831, 137.17578
65.039065, 139.0625
62.386845, 147.461782
61.023441, 152.664062
59.756251, 156.72327
59.325485, 157.035519
58.967232, 156.754631
58.613284, 152.816406
59.107298, 145.972026
60.544925, 139.66211
62.591004, 135.509971
63.972659, 134.79297
65.047192, 134.945504
65.351565, 135.19141
65.272272, 135.413203
64.388675, 135.58789
63.077173, 136.209954
61.236331, 139.44727
60.378834, 142.221446
60.387569, 142.566829
60.509756, 142.580473
61.548831, 140.45312
62.621643, 138.187808
63.028577, 137.631594
63.164233, 137.69117
62.880862, 139.0625
62.67517, 140.004646
62.794922, 140.05664
63.39284, 139.790471
63.53125, 140.05664
63.264434, 140.586618
62.951172, 141.80078
61.809251, 143.922611
60.664062, 144.00586
60.030364, 143.603071
59.988281, 143.62695
59.980987, 143.729353
59.476562, 148.09766
58.940652, 154.830357
59.091128, 155.962238
59.401705, 155.975691
60.697266, 151.945312
64.342229, 138.664639
65.482422, 136.87109
68.401182, 135.79901
71.519531, 137.12305
71.895517, 137.145326
72.367188, 136.48828
73.108737, 133.219323
72.861328, 132.67188
72.602483, 132.639759
70.082031, 133.67383
67.533314, 134.675958
66.96875, 134.69727
66.928984, 134.522655
67.771484, 134.03516
69.06068, 133.39364
69.587891, 132.88672
69.949407, 132.485282
70.019531, 132.51758
70.130052, 132.599028
71.474609, 132.06641
72.929688, 131.35742
72.990238, 123.24609
73.234112, 115.151024
73.605473, 111.5625
74.133379, 106.459093
73.888676, 106.20117
73.369897, 106.617304
71.730473, 115.91016
70.541565, 126.25463
70.369145, 129.70703
70.24342, 131.507014
70.083988, 131.76953
69.744123, 131.578128
70.742398, 120.542662
72.111073, 109.499696
72.826176, 106.52734
73.308282, 105.567926
73.69727, 105.24414
74.202542, 105.213168
78.707035, 106.75391
83.064877, 108.192717
83.332035, 108.03906
83.404203, 107.58551
83.644535, 102.82617
83.90136, 98.068142
84.017582, 97.26562
84.023739, 96.504038
83.69727, 95.72852
83.140696, 95.538483
81.800785, 96.35742
77.736839, 98.953036
68.810551, 101.24609
59.12642, 100.956968
47.888676, 96.94922
39.506172, 90.167412
32.214848, 78.06836
31.161683, 74.552091
30.66016, 69.99023
32.814525, 56.242296
38.423832, 48.02344
46.592851, 42.997314
53.214848, 41.9375
60.647796, 45.315952
71.662113, 60.19531
73.910581, 64.252666
75.453129, 66.68945
77.085942, 69.07031
77.355473, 67.28516
78.469594, 62.142372
80.60352, 55.83203
84.885603, 45.933644
86.976566, 42.32617
88.748446, 40.44455
89.91602, 39.99805
91.287113, 39.91605
90.011723, 40.61526
87.124059, 43.515601
80.763676, 57.62112
78.645821, 66.11608
78.263676, 75.42581
79.818508, 85.911175
82.277348, 92.04691
89.965331, 102.833897
98.72266, 111.05862
104.901353, 116.251546
105.292974, 117.14847
105.667889, 117.457543
106.318364, 116.94925
106.678345, 115.242422
106.152344, 108.78323
105.618873, 102.183446
105.984384, 100.04691
106.141112, 100.064487
106.333984, 102.62698
106.539912, 105.985267
106.994144, 108.78323
107.601564, 111.56253
107.845704, 109.97464
109.038117, 104.255653
111.517584, 96.07425
116.760181, 80.033573
120.285164, 67.88089
121.039556, 63.688227
120.880864, 61.49026
120.134992, 60.239675
117.654304, 58.58987
114.761702, 57.420228
113.644534, 57.2305
113.155167, 56.972124
113.201174, 56.59378
114.390428, 54.771156
114.976564, 50.96683
114.180595, 48.61058
110.333984, 44.87894
105.043306, 42.096681
99.242192, 40.86722
95.539944, 40.494357
94.498288, 40.275536
94.499331, 40.11529
95.957035, 39.90823
98.205082, 39.88283
99.037113, 38.08205
100.000065, 36.372622
101.062504, 35.07814
102.302759, 34.122658
102.763674, 34.09768
103.282366, 34.293485
106.066414, 35.1426
111.366835, 37.212365
114.542974, 39.33596
115.557156, 39.576338
116.259774, 38.89064
116.979768, 39.002485
115.996094, 47.70314
115.752824, 49.376926
115.667974, 51.19143
115.52464, 52.988949
115.146484, 54.44533
114.9381, 55.79778
115.232384, 56.42385
117.831538, 57.943424
122.802694, 58.95705
128.595021, 60.107943
135.544884, 63.0801
142.207842, 67.171614
142.640584, 67.99807
142.558491, 68.2963
141.902304, 69.23635
140.95552, 70.883006
139.331994, 76.0215
137.402476, 82.187473
132.972624, 93.09572
130.673213, 98.482515
129.732384, 100.93947
128.857384, 103.4219
129.748014, 103.4219
130.508433, 103.128874
134.306604, 99.29494
139.851834, 94.291344
144.224574, 92.16018
147.366348, 91.468284
148.693324, 91.4844
148.700412, 91.565895
145.830044, 92.5215
139.813663, 95.348564
134.738244, 99.84768
130.768839, 103.628373
129.044884, 104.22268
128.467838, 104.507654
127.150354, 106.65432
126.109943, 109.067292
126.136684, 109.22268
127.681407, 109.442387
132.103484, 105.38283
138.863304, 98.858941
145.431604, 95.834
146.973113, 95.105869
148.115194, 93.83205
155.457926, 84.261012
158.980434, 82.77541
159.824669, 82.665693
159.931604, 82.52736
159.852169, 82.314414
157.779264, 80.04494
155.6665, 77.772251
154.443324, 76.32814
151.431498, 73.455947
146.882774, 70.85744
144.132931, 69.509958
143.800744, 69.1758
143.844743, 68.995944
144.099574, 68.97268
144.640982, 69.192213
146.953084, 70.03127
149.244229, 70.90499
149.673794, 71.1426
153.067097, 72.308207
158.146444, 71.47463
160.003658, 70.05051
162.191374, 65.89064
165.362148, 59.921214
170.359344, 54.80666
172.917894, 53.704994
175.369104, 54.02346
176.595466, 54.904981
177.986294, 56.90236
181.00148, 64.397531
181.798794, 69.86525
181.269005, 75.60571
180.113244, 78.74221
179.653697, 79.72113
178.769494, 82.32033
176.269245, 89.431512
174.054654, 94.13283
173.054921, 96.640378
173.331994, 96.87307
178.963052, 94.630986
180.960904, 94.29299
181.057777, 94.631236
178.695274, 95.6758
172.89627, 97.550774
172.726524, 97.79104
172.854693, 98.007327
174.660124, 98.84963
182.861364, 104.733267
187.236294, 113.8301
187.725139, 120.01593
186.722624, 126.48244
186.856433, 126.998658
189.236294, 129.05275
195.047293, 134.296984
198.640584, 139.55861
199.757473, 141.736541
200.808554, 143.72854
202.470506, 147.359402
204.624964, 153.65627
205.957243, 161.57332
205.054654, 164.146504
204.885994, 164.091878
204.830044, 161.628926
204.473081, 156.467466
202.611294, 149.5801
201.071472, 145.936213
198.083944, 140.29299
194.016984, 134.488302
190.201134, 130.97658
188.622412, 129.791692
187.576134, 128.90236
186.674085, 128.366855
186.414024, 128.50393
186.267129, 129.035084
185.716764, 131.0215
184.949703, 132.712527
184.673794, 132.6094
184.942231, 131.032122
185.369104, 129.2344
186.923356, 119.003437
186.029264, 111.959
183.094311, 106.65306
176.503874, 101.09377
171.735432, 98.92456
169.970664, 99.04885
168.148204, 100.445385
160.785124, 109.8008
160.034816, 110.727229
159.121054, 111.64064
158.527254, 112.624285
158.517544, 114.00002
158.789415, 115.467863
158.734344, 115.65041
158.58398, 115.670717
157.404264, 114.76955
156.159198, 114.081563
155.283164, 114.13479
154.334885, 114.44315
153.597624, 114.50588
153.542295, 114.373344
153.966764, 114.09572
154.339479, 113.396936
153.552694, 112.60158
151.997545, 112.63363
151.851524, 113.16994
152.732384, 114.18166
151.902304, 115.41994
150.964864, 116.548247
149.917934, 117.36721
148.763473, 117.732218
147.789024, 117.49611
146.921838, 116.815551
146.443324, 116.12502
145.565951, 115.64526
144.705044, 116.3594
144.030801, 116.813195
143.587854, 116.2852
143.634261, 113.253333
143.165984, 110.87309
142.458985, 109.300566
142.203084, 109.24613
141.808747, 109.021225
142.503874, 105.64066
142.043501, 105.055847
138.287074, 106.00199
132.481228, 109.761353
127.415984, 115.95316
125.256738, 120.70084
124.658164, 124.50785
125.072632, 125.601588
126.160124, 126.20512
126.575407, 126.426343
128.177694, 128.33207
129.761976, 130.311289
130.720664, 131.2852
131.697379, 132.232451
131.859344, 132.49027
132.03723, 132.729373
133.802694, 133.98637
135.734428, 134.859204
138.187464, 135.18754
142.323108, 134.016123
147.654264, 129.37895
150.852072, 125.96193
151.373014, 125.87309
151.855731, 126.221642
151.978484, 126.5391
151.841411, 126.727166
151.455044, 126.70707
150.735539, 126.848173
147.355434, 130.94731
143.133655, 134.651694
137.691374, 135.98442
135.723493, 135.690288
133.841764, 134.80668
132.123549, 133.544857
131.412074, 132.82035
130.71822, 132.133962
130.365194, 132.01371
130.011272, 131.894362
129.326134, 131.22074
128.642218, 130.548236
128.279264, 130.42582
127.915313, 130.310279
127.412074, 129.81254
126.914776, 129.395452
126.537074, 129.38871
126.158179, 129.370686
125.499964, 128.80863
125.108014, 128.775128
125.011684, 129.24809
125.145819, 129.795307
125.038984, 129.85356
124.777661, 129.815507
124.658124, 129.98246
124.746627, 130.333854
125.003834, 130.62504
125.21762, 130.938454
125.349534, 132.01566
125.506469, 133.131609
126.533124, 136.14262
127.961867, 138.97268
129.999924, 141.70707
132.359116, 144.204221
133.312424, 144.98832
134.232185, 145.745072
134.341724, 146.00785
134.065433, 146.157556
131.800704, 144.3516
131.209091, 144.223753
130.378834, 144.85942
129.705943, 146.036322
129.191334, 147.43754
125.882624, 159.990808
125.695234, 161.523478
125.583838, 162.089992
125.335864, 162.402384
125.177821, 162.345466
125.156174, 161.732462
125.334592, 160.805178
126.226484, 156.126993
128.216512, 148.305639
129.912034, 144.62113
130.587814, 143.52543
128.574144, 140.9434
126.388711, 138.857232
125.349534, 138.66215
118.69147, 139.445212
103.105394, 138.43168
98.716708, 138.019198
98.480393, 138.11723
98.359369, 138.367583
97.494065, 143.4141
96.640342, 148.481937
96.335862, 149.84379
96.318326, 151.125491
96.966721, 152.490274
98.792977, 157.690826
97.181565, 161.953165
96.071657, 163.32591
95.956955, 163.68754
95.673562, 164.144987
94.673752, 164.345743
94.673828, 164.345703
93.472656, 140.625
91.446304, 138.826036
90.013672, 137.76953
88.998078, 136.930289
89.058594, 136.78516
90.571485, 137.308462
94.054688, 140.78125
95.4375, 142.5
98.484115, 135.844349
99.396484, 132.79492
100.349211, 129.655988
102.01758, 125.45508
103.70011, 121.261448
104.25, 119.33398
103.792185, 116.968567
99.957031, 112.89648
92.320763, 106.335868
87.017578, 100.31836
85.117841, 97.961837
84.898438, 97.86133
84.348347, 98.356614
83.853516, 107.79492
83.993292, 111.727674
84.439453, 116.01758
84.850072, 120.310741
85.035156, 126.93164
85.339103, 132.833368
85.646484, 132.93945
88.889345, 131.90972
96.537109, 135.0293
98.002952, 135.911952
98.287109, 135.98438
98.287109, 135.98438
97.262762, 136.588544
97.707828, 137.00945
97.870924, 137.566483
97.482395, 141.02098
96.852477, 144.508094
96.781598, 144.67343
96.648323, 144.71156
95.11842, 143.98378
91.539406, 142.8009
88.866892, 143.08089
88.8728, 143.284962
90.250144, 143.5002
94.746628, 144.353522
96.424666, 145.82004
96.760137, 147.98256
95.546905, 150.486528
95.359103, 150.541781
93.96244, 150.027333
92.538946, 149.591839
91.912662, 149.67543
91.870207, 149.937117
92.766423, 150.48212
95.574634, 151.866876
95.955364, 152.573991
95.828785, 152.74641
94.725239, 152.9635
93.53767, 153.195532
92.478148, 153.668651
91.461367, 153.92979
90.336597, 153.597771
89.154949, 153.096186
86.96492, 152.694062
84.717136, 152.465554
84.719636, 147.303046
85.025577, 135.345136
85.392917, 134.029146
85.805682, 133.754128
88.997536, 133.673296
92.235027, 134.159702
94.83242, 135.166256
94.832399, 135.16626
91.446437, 138.825965
93.472278, 140.6252
95.437338, 142.50091
94.054086, 140.78119
90.571313, 137.307417
89.058548, 136.78426
88.997983, 136.929488
90.014148, 137.76927
90.014148, 137.76927
118.959878, 138.304673
121.83984, 138.09766
125.732512, 137.568493
125.89258, 137.48047
125.92947, 137.314879
125.00586, 134.375
124.066544, 131.404212
123.97852, 130.82812
123.044679, 126.916336
121.68359, 126.05859
121.323535, 125.974241
117.5332, 124.01367
113.724473, 122.052131
109.80273, 120.24023
105.830133, 118.565259
105.55664, 118.51172
105.349597, 118.617585
105.05469, 119.20703
103.686853, 123.21293
102.50977, 126.05664
99.671656, 133.182111
98.884766, 136.67969
99.146267, 137.256717
100.22266, 137.60742
101.65991, 137.671423
103.39062, 137.81445
107.915299, 138.152494
113.40625, 138.33008
113.40625, 138.33008
152.826853, 133.455237
152.61914, 129.63086
152.760438, 129.625849
153.07422, 130.79102
153.54488, 132.456657
154.2832, 133.66992
154.946592, 134.665257
154.86914, 134.79297
154.86914, 134.79297
158.060008, 130.309705
156.4375, 129.78325
155.056528, 128.994579
154.43945, 128.12896
154.486522, 127.89867
154.64844, 127.91021
156.449175, 129.470791
158.74219, 130.02935
159.472238, 130.151458
159.72852, 130.36919
159.655371, 130.519431
158.95312, 130.51763
158.95312, 130.51763
163.524225, 121.922464
163.83594, 121.29107
163.661942, 120.996876
163.24219, 121.12114
162.944882, 121.838476
163.17579, 122.08599
163.17578, 122.08599
163.524346, 121.922779
163.17635, 122.08619
162.945052, 121.838778
163.24135, 121.12176
163.661441, 120.997456
163.83557, 121.29196
163.8356, 121.29196
167.380154, 122.721073
167.53906, 122.30669
166.682896, 119.705614
165.82031, 119.97857
165.909614, 120.400657
166.15625, 120.69536
166.375843, 121.005992
166.50195, 121.91021
166.696603, 122.686319
167.02148, 122.88091
167.02148, 122.88091
167.379872, 122.720947
167.02062, 122.88042
166.69623, 122.686094
166.5019, 121.91107
166.375714, 121.006895
166.15609, 120.69628
165.909836, 120.400877
165.82121, 119.97789
166.683493, 119.705201
167.53934, 122.30689
167.53934, 122.30689
170.257393, 122.619939
171.2793, 121.88872
172.567946, 119.627192
172.13672, 118.28325
169.825587, 117.445048
164.94141, 118.43169
160.874763, 120.496037
159.75586, 121.69341
159.840523, 121.909092
160.90625, 122.08599
162.035515, 121.754699
162.67773, 120.94927
163.300304, 120.02961
164.5, 119.32817
165.847549, 119.180972
166.78516, 119.58989
167.731655, 120.703174
168.36719, 122.1856
168.774231, 122.70718
169.47461, 122.85161
169.47461, 122.85161
172.568024, 119.627691
171.27901, 121.8888
169.283343, 122.815934
168.36807, 122.18547
167.732368, 120.703485
166.78579, 119.59056
165.84805, 119.18126
164.50031, 119.32808
163.300552, 120.029989
162.67802, 120.95013
162.035769, 121.755204
160.90653, 122.08619
159.840694, 121.909427
159.75601, 121.69378
160.874841, 120.496472
164.94123, 118.43223
169.825841, 117.445647
172.13718, 118.284
172.13718, 118.284
177.311277, 113.613986
175.75781, 112.96099
173.646963, 112.201317
169.85352, 111.78911
168.865451, 111.568529
168.77734, 111.3106
170.733176, 110.27086
174.98438, 111.93169
175.857161, 112.42589
176.51758, 112.55474
177.076036, 112.701759
177.22266, 112.95317
177.359737, 113.223449
177.82812, 113.39653
177.937189, 113.496864
177.86332, 113.61528
177.86328, 113.61528
180.12729, 112.654303
180.04297, 112.15825
180.127279, 111.662213
180.2168, 111.66216
180.301396, 112.158246
180.2168, 112.65435
180.2168, 112.65435
180.127883, 112.654712
180.217626, 112.65471
180.302273, 112.158306
180.217626, 111.66192
180.127884, 111.661914
180.043206, 112.15831
180.043206, 112.15831
180.121282, 110.556145
180.453726, 111.16068
180.826674, 111.808128
181.197796, 113.34177
181.736669, 114.526472
182.138836, 114.44171
182.189349, 111.743391
181.026966, 110.17328
180.439309, 110.00755
180.160446, 110.17428
180.160446, 110.17468
181.460739, 114.508151
181.19727, 113.34185
180.826132, 111.807826
180.45312, 111.16021
180.120848, 110.555473
180.16016, 110.17388
180.439235, 110.007397
181.02734, 110.17388
182.189342, 111.743683
182.13867, 114.44146
181.847928, 114.866053
181.64648, 114.84575
181.64648, 114.84575
182.97878, 115.3323
183.27383, 115.47883
183.567461, 115.595399
183.79255, 116.70607
183.95966, 117.838378
184.15435, 117.90512
184.484657, 117.148408
183.69822, 114.42794
183.262971, 114.058803
182.97621, 114.22938
182.97621, 114.22938
183.959881, 117.837711
183.79297, 116.70708
183.567463, 115.595241
183.27344, 115.47857
182.978571, 115.331942
182.97656, 114.22857
183.262795, 114.058645
183.69727, 114.42778
184.484318, 117.147775
184.1543, 117.90435
184.1543, 117.90435
183.006203, 120.105446
182.54117, 121.20667
181.98141, 122.28477
182.70639, 121.29198
183.609566, 119.334361
183.27383, 118.90928
183.175355, 118.983711
183.10093, 119.51893
183.10093, 119.51893
182.54102, 121.20708
183.006573, 120.106016
183.10156, 119.51958
183.175257, 118.984617
183.27344, 118.91021
183.609059, 119.334976
182.70703, 121.29107
181.98047, 122.28521
174.945979, 127.79069
174.93175, 127.92785
176.068885, 128.12145
178.6301, 125.82456
178.511655, 125.670093
176.78527, 126.52598
176.78527, 126.52598
174.945865, 127.790574
176.78516, 126.52544
178.512321, 125.669614
178.63086, 125.82427
176.069041, 128.121481
174.93164, 127.92778
174.93164, 127.92778
178.566131, 117.795086
176.69908, 120.39845
174.42728, 122.51067
173.29166, 122.88042
171.98456, 122.88042
173.04717, 121.40003
174.019775, 119.890688
174.10979, 119.55385
173.303087, 117.735463
170.52934, 116.3127
165.995441, 116.72948
160.01791, 120.7015
158.847667, 122.460031
159.15338, 122.85965
159.75914, 122.827822
160.79599, 122.87825
160.843683, 123.031246
160.27727, 123.30646
156.880318, 123.540315
156.18685, 122.99084
155.924379, 122.54002
155.809, 122.58263
155.664333, 123.155519
155.46861, 123.27759
155.193841, 123.372926
153.70682, 124.66749
152.643076, 125.902366
152.72312, 126.05691
153.136213, 125.930234
154.19288, 125.06412
155.724892, 124.116989
156.12751, 124.40519
156.011167, 124.668138
155.26298, 125.19091
154.572224, 125.748459
154.39845, 126.22848
154.580757, 126.353449
155.26214, 125.89452
157.307127, 124.772389
166.15609, 123.83096
174.294237, 122.679587
176.80194, 121.04089
179.752223, 116.364327
179.87516, 114.77692
179.749485, 114.769408
179.26972, 116.1295
179.26972, 116.12945
168.866304, 111.568397
169.853166, 111.78824
173.646352, 112.2004
175.757056, 112.96001
177.310779, 113.613935
177.862866, 113.61551
177.936989, 113.496513
177.827266, 113.3957
177.359092, 113.22268
177.222086, 112.95252
177.075685, 112.701815
176.518296, 112.55541
175.857729, 112.426099
174.984746, 111.93107
170.73393, 110.271002
168.778236, 111.31099
168.778246, 111.31099
172.332342, 96.295258
176.72461, 86.21687
178.552666, 81.113765
178.60547, 80.80085
178.660981, 80.489576
179.72852, 77.75398
180.494115, 74.957827
180.85352, 69.95124
180.633221, 64.985995
180.37109, 64.52937
180.072498, 64.127052
180.07227, 63.63679
180.096602, 63.095154
179.61719, 61.71101
179.074216, 60.797708
178.96484, 60.8321
178.68443, 60.909437
178.33984, 59.85163
178.108686, 58.32403
177.908454, 58.142985
177.652819, 58.256831
176.86914, 59.64851
175.847375, 61.413953
172.92383, 65.18562
169.784555, 69.889779
168.82422, 73.1153
168.470646, 75.133932
167.91211, 76.75593
167.20703, 78.33991
168.99805, 79.3653
170.81334, 80.293193
171.25586, 80.38874
173.529899, 81.020113
173.6582, 81.83405
172.997107, 82.008887
168.12305, 79.89265
165.793747, 79.133549
164.69922, 79.38288
163.63086, 80.10749
163.86719, 78.3614
165.056103, 76.024555
166.04883, 76.2696
166.021658, 76.85261
165.43164, 77.66999
164.59961, 78.4239
165.63672, 78.14851
166.834517, 77.252912
167.64648, 74.83601
167.854357, 73.020141
167.94727, 72.43366
167.026872, 71.346839
161.91992, 72.57624
160.996753, 73.426935
160.66992, 74.70905
160.777132, 75.332694
160.86719, 75.32624
161.129392, 74.564023
161.35156, 74.43171
161.512764, 74.585417
161.44926, 76.47077
161.465026, 78.184888
161.69731, 78.32234
162.007918, 78.012793
162.2227, 76.97859
162.486217, 74.607157
162.69731, 74.43171
163.16533, 74.901175
162.68561, 77.84773
162.551812, 78.867755
162.77151, 79.29695
162.739136, 79.41941
162.17972, 79.39655
160.61695, 78.2935
159.93167, 76.03718
159.533471, 74.830351
158.74222, 74.43171
157.642878, 74.279766
157.33792, 74.03523
157.424274, 73.817617
158.52737, 73.63874
159.757508, 73.464233
159.93167, 73.23249
160.066777, 72.908688
160.79691, 72.37507
161.433609, 71.784466
161.66019, 70.99226
161.227853, 70.576887
160.28519, 71.04696
159.380373, 71.896184
158.02542, 72.66805
156.444259, 72.987556
152.66995, 72.58995
152.442781, 72.896838
153.65237, 74.42394
155.08393, 75.816643
159.36526, 80.55089
163.610017, 85.325618
166.76956, 88.77355
169.730988, 92.337279
170.67386, 94.0548
171.263215, 96.038156
171.226362, 96.350797
171.087304, 96.362249
170.27933, 94.88292
169.229819, 93.042726
165.12894, 88.04894
160.654399, 83.623626
159.80472, 83.39659
158.031486, 84.172389
154.74417, 87.07628
152.49612, 89.47472
153.87894, 89.26769
155.248057, 89.007386
155.78128, 88.83214
158.687379, 88.223223
161.03128, 88.81064
161.497925, 89.217111
161.8262, 89.89462
162.235313, 90.484301
163.82425, 91.34384
167.899366, 93.993164
168.92191, 96.47275
169.454655, 97.248373
171.10941, 97.31454
171.10938, 97.31452
158.692646, 90.736031
158.13991, 90.67563
157.609525, 90.525247
157.35926, 90.67463
157.40554, 90.947124
158.20962, 91.45201
159.126173, 91.516732
159.67565, 91.09358
160.173955, 90.445329
160.49543, 90.31727
163.049056, 91.063385
166.65305, 94.25136
167.43348, 95.2713
167.423206, 95.401889
167.283197, 95.431595
166.03652, 94.88411
164.751877, 94.485917
162.44971, 94.32816
160.10436, 94.36786
163.14457, 95.11139
166.117584, 95.990996
166.87908, 96.41337
166.858524, 96.772444
165.56794, 97.24091
163.581091, 97.587672
162.35215, 97.9337
160.091123, 99.260769
159.58564, 100.3836
159.712957, 100.458346
160.36372, 99.94932
162.616396, 98.553306
167.3299, 97.86246
168.430172, 98.382824
168.28615, 99.02756
167.436198, 99.649833
165.779, 101.7142
164.189026, 103.88425
161.08241, 107.73242
157.9107, 111.53122
156.16412, 109.65513
152.706321, 107.45477
149.42428, 107.47906
148.143696, 108.175596
146.16696, 110.05558
144.33302, 112.14916
143.85753, 110.86327
143.311867, 107.250897
144.24356, 103.76612
145.092327, 102.586355
146.63312, 101.3465
153.59358, 100.214885
158.92695, 104.37062
159.467288, 105.138829
159.58435, 105.09374
158.370546, 102.219896
154.34505, 100.0245
150.273787, 99.677363
147.20848, 100.45026
145.749469, 101.021356
145.58146, 100.97463
145.536208, 100.674202
146.319568, 99.126377
147.24228, 97.698981
147.47727, 97.6604
147.669691, 97.615615
147.9944, 96.70517
149.393815, 93.275399
151.76059, 91.02911
153.249294, 90.401845
155.00505, 90.15225
156.571719, 89.940733
156.69213, 89.72158
156.81465, 89.506247
158.52419, 89.31188
160.48612, 89.29928
159.60659, 90.16772
155.471238, 91.295667
154.98163, 92.59349
154.067574, 95.895604
154.37745, 98.25923
154.520085, 98.298021
154.61211, 98.07226
154.841568, 94.450513
156.28707, 91.5252
156.436063, 90.944641
156.13312, 90.60065
155.626666, 90.620826
155.49793, 90.84802
155.49793, 90.84802
154.659388, 98.962574
154.37695, 98.25982
154.067567, 95.896077
154.98242, 92.5938
155.471547, 91.295515
155.49805, 90.84771
155.626775, 90.621174
156.13281, 90.60161
156.435748, 90.945327
156.28711, 91.52544
154.841216, 94.450667
154.61133, 98.07232
154.710171, 98.92583
154.69143, 98.97075
154.69141, 98.97075
145.241564, 96.881891
144.10879, 98.03569
143.258606, 98.527065
142.98662, 98.31436
143.238866, 97.58494
144.11051, 96.88372
145.210633, 96.4572
145.37849, 96.50577
145.435594, 96.659497
145.37649, 96.77005
145.37677, 96.77005
143.317924, 98.823374
144.10938, 98.03523
145.241784, 96.881442
145.37695, 96.7696
145.43592, 96.659302
145.37895, 96.50593
145.211165, 96.457224
144.11137, 96.88288
143.238903, 97.584575
142.98637, 98.31452
143.032155, 98.852324
143.13871, 98.92195
143.13867, 98.92195
142.042503, 100.381689
141.40614, 101.5333
140.696721, 102.66323
140.39362, 103.4196
140.043318, 104.044905
139.64928, 104.21597
139.347331, 104.058946
139.30108, 103.71958
139.446102, 103.214745
139.91281, 100.96756
140.562246, 98.866641
141.06239, 98.3139
141.982707, 98.343973
142.35979, 99.15274
142.35979, 99.15274
142.66763, 103.774731
141.7307, 104.21597
140.51883, 104.21597
141.28634, 102.92535
145.586581, 96.848596
146.36188, 96.84034
146.386622, 97.001762
144.7166, 100.60209
144.7166, 100.60209
139.259712, 100.845528
138.99912, 102.56572
138.451628, 104.062863
137.52352, 104.88666
131.524512, 109.184636
126.7568, 115.88396
125.762703, 118.130389
124.85114, 120.78257
124.026366, 122.797607
123.79561, 122.78114
123.474889, 122.188707
123.26845, 122.08619
122.861834, 122.545351
123.66752, 125.3624
123.80378, 125.937867
123.68772, 126.05735
123.46025, 125.937678
122.73238, 124.66744
122.125104, 124.176604
121.81658, 124.45569
121.96716, 125.63384
119.76826, 124.39089
117.56937, 123.14794
118.9321, 122.8061
120.365558, 122.342123
120.385745, 122.231483
120.18338, 122.150344
118.26039, 122.19124
115.883702, 122.175202
114.89618, 121.93013
114.171726, 121.239963
114.3865, 120.89484
114.798542, 120.780768
117.41236, 119.08037
121.632086, 115.462652
124.5236, 111.6976
125.542771, 110.430815
126.32663, 109.98747
130.557892, 107.875779
133.81112, 104.23495
137.147587, 100.246374
139.26003, 99.45058
139.414601, 99.576385
139.40415, 100.14553
139.40415, 100.14553
140.043309, 104.045786
140.39453, 103.41997
140.697327, 102.66344
141.40625, 101.53325
142.042353, 100.381488
142.35938, 99.15239
141.982397, 98.344347
141.0625, 98.3145
140.562204, 98.866941
139.91211, 100.96685
139.445725, 103.213978
139.30078, 103.7188
139.346535, 104.05914
139.64844, 104.21685
139.64844, 104.21685
141.73047, 104.21685
142.667569, 103.775408
144.7168, 100.60161
146.386099, 97.001312
146.36133, 96.83989
145.586214, 96.848288
141.28711, 102.92583
140.51953, 104.21685
127.829275, 76.272688
126.72729, 79.39623
124.860009, 85.148421
121.19182, 94.32924
120.140404, 96.884822
117.556, 103.55588
114.839796, 110.161598
113.25309, 113.28522
112.071145, 115.362152
111.957024, 115.6247
112.001898, 115.650075
112.80376, 114.69316
115.538175, 110.408987
118.71684, 102.80529
120.12776, 98.875831
122.04415, 93.94119
123.956044, 89.00463
126.23604, 82.71089
128.498207, 76.411455
128.98648, 75.21473
128.97194, 74.750232
128.73066, 74.73011
128.73066, 74.73011
135.276915, 63.30038
140.81272, 67.19027
141.57824, 67.87986
140.56111, 70.26256
139.645134, 72.666552
139.53624, 73.30803
139.439833, 73.950742
139.00964, 75.09505
138.543767, 76.240331
136.36196, 82.57315
134.104616, 88.869422
133.32519, 90.51547
132.493306, 92.139509
131.60638, 94.28807
127.982483, 103.066475
124.91142, 108.98136
120.732875, 115.008453
117.24731, 118.41694
113.393083, 120.335124
111.00392, 120.10307
109.33008, 119.27914
110.51031, 117.84321
111.239577, 116.811441
111.17183, 116.74609
110.706988, 117.140183
110.02284, 117.99707
108.916969, 118.719038
107.2434, 118.53329
106.38226, 118.15731
106.92163, 116.05131
108.841152, 108.772852
112.26547, 96.35952
113.002219, 93.87536
115.37242, 86.43162
120.215851, 70.862162
121.00195, 67.56376
121.42512, 64.527056
121.54622, 62.0814
121.54622, 59.62494
124.03863, 59.89095
126.514527, 60.2468
128.79356, 60.75213
128.79356, 60.75213
115.194846, 48.114291
115.88477, 43.40827
115.617381, 42.138887
113.89453, 40.07429
110.216407, 37.50914
105.54102, 35.50984
103.050123, 34.774515
102.64844, 34.72077
101.465493, 35.284344
99.023438, 39.18757
99.148814, 39.596131
100.1875, 39.88288
107.033468, 41.450185
113.09961, 46.12116
114.927919, 48.162652
115.06641, 48.22273
115.06641, 48.22273
116.285737, 35.579947
117.24023, 31.36335
117.878823, 30.135189
118.74609, 29.00007
119.7168, 27.93171
118.76172, 26.75593
117.955236, 25.504456
117.3418, 23.90437
116.87695, 22.22859
114.63086, 22.11726
113.135816, 22.307562
113.07422, 22.60359
114.924872, 24.470523
115.74023, 25.74226
115.637777, 25.820935
114.48633, 24.69148
112.746507, 22.960564
112.02539, 22.57038
110.114879, 22.767072
107.3125, 25.05866
107.049154, 25.750679
107.2734, 25.98445
109.619113, 26.590224
112.38277, 28.81257
112.315615, 28.905321
109.67379, 27.65241
107.983089, 26.859724
107.58199, 26.77937
107.203765, 26.684372
106.78902, 26.35359
106.492694, 26.374054
105.34566, 28.56257
103.0359, 33.333302
102.62301, 33.37507
102.590406, 33.166403
103.15426, 32.14265
103.741037, 31.059428
104.10348, 29.84773
105.001316, 27.27237
106.75191, 24.78523
110.448161, 22.210907
115.40816, 21.22273
116.852023, 21.009476
117.07808, 20.72273
117.163599, 20.636835
117.27535, 20.71103
117.582864, 20.966853
118.89449, 20.96689
121.518987, 21.037777
123.57418, 21.96493
123.896135, 23.261828
120.8398, 27.67197
118.877404, 30.368179
117.85348, 33.23056
117.144074, 36.182204
116.97652, 36.30868
116.97656, 36.30866
115.836862, 32.113098
115.35547, 31.42585
115.37798, 31.237685
115.52148, 31.2364
116.002449, 31.923063
115.98047, 32.1114
115.98047, 32.1114
115.83633, 32.113455
115.97953, 32.11192
116.001743, 31.923485
115.52171, 31.23646
115.378503, 31.237996
115.3563, 31.42642
115.3563, 31.42642
108.518067, 30.867791
106.71875, 30.89265
106.015704, 30.886717
105.98438, 30.74421
108.063232, 30.153481
111.3457, 31.16413
112.071505, 31.659864
112.03711, 31.72273
112.03711, 31.72273
113.383287, 27.909525
112.72852, 27.17585
112.23732, 26.446436
112.27539, 26.38093
112.419478, 26.44044
113.07422, 27.17585
113.565217, 27.903504
113.52734, 27.96882
113.52734, 27.96882
113.382735, 27.910276
113.52681, 27.96971
113.564822, 27.904268
113.0738, 27.17548
112.419055, 26.440684
112.27498, 26.38125
112.236968, 26.446692
112.72799, 27.17548
112.72799, 27.17548
110.885716, 25.859502
110.82617, 25.74226
111.114473, 25.52302
111.6875, 25.98054
111.638161, 26.13098
111.36328, 26.13484
111.36328, 26.13484
110.885504, 25.860311
111.3627, 26.13566
111.638715, 26.131215
111.6881, 25.97959
111.114622, 25.522997
110.82602, 25.74309
110.82602, 25.74309
106.01592, 30.886921
106.71867, 30.89308
108.518021, 30.868349
112.03713, 31.72357
112.071676, 31.660481
111.34473, 31.1636
108.06302, 30.153538
105.98463, 30.74435
105.98463, 30.74435
110.215758, 37.509578
113.89397, 40.07478
115.617351, 42.13882
115.88505, 43.4079
115.195455, 48.114184
115.06703, 48.22263
114.928488, 48.162545
113.09946, 46.12064
107.033158, 41.450107
100.18705, 39.88319
99.147968, 39.596712
99.022467, 39.18824
101.46582, 35.284283
102.6493, 34.72068
103.050759, 34.774517
105.54026, 35.51024
105.54026, 35.51024
99.999907, 36.372851
99.036894, 38.08248
98.20503, 39.88319
95.956651, 39.90839
94.498692, 40.115467
94.497642, 40.275726
95.539086, 40.494552
99.241281, 40.86744
105.043044, 42.096943
110.33432, 44.87941
114.180036, 48.610486
114.97577, 50.96636
114.390052, 54.770826
113.20104, 56.59353
113.154807, 56.97248
113.64465, 57.23135
114.761896, 57.420837
117.65471, 58.58982
120.135646, 60.239472
120.88163, 61.48999
121.040243, 63.687706
120.28582, 67.87989
116.760442, 80.033383
111.51728, 96.07513
109.037876, 104.255744
107.84546, 109.97418
107.60071, 111.56265
106.9938, 108.78284
106.539918, 105.985308
106.33436, 102.62754
106.141427, 100.063869
105.98463, 100.04628
105.619171, 102.182873
106.15282, 108.78284
106.678428, 115.242791
106.31828, 116.94982
105.667884, 117.457957
105.29301, 117.14886
104.901389, 116.251879
98.722561, 111.05859
89.965049, 102.834124
82.276848, 92.04742
79.81822, 85.911237
78.263866, 75.4251
78.646222, 66.115605
80.764238, 57.62086
87.124884, 43.515917
90.012592, 40.61571
91.287583, 39.91515
89.916446, 39.99845
88.748886, 40.444978
86.977036, 42.32666
84.885724, 45.934066
80.602764, 55.83229
78.46955, 62.141967
77.35592, 67.28421
77.085337, 69.07123
75.453472, 66.68854
73.91056, 64.252246
71.661486, 60.19569
60.647604, 45.316618
53.214923, 41.9382
46.592813, 42.99774
38.423635, 48.02348
32.814232, 56.242226
30.659694, 69.98999
31.161115, 74.552375
32.21427, 78.06905
39.505565, 90.168179
47.888055, 96.95004
59.125701, 100.956964
68.80974, 101.24548
77.737061, 98.952479
81.801486, 96.35675
83.140221, 95.539
83.696312, 95.72903
84.023676, 96.504707
84.018207, 97.26646
83.901924, 98.068849
83.644675, 102.82609
83.404715, 107.58481
83.33259, 108.0383
83.065357, 108.192088
78.706464, 106.75413
74.20172, 105.212843
73.696421, 105.24377
73.307966, 105.567879
72.826938, 106.52794
72.111839, 109.500292
70.743219, 120.542983
69.745002, 131.578169
70.084868, 131.76957
70.244064, 131.507072
70.368661, 129.70725
70.541175, 126.25493
71.73035, 115.9107
73.370054, 106.617707
73.888866, 106.20157
74.13346, 106.459478
73.604579, 111.56264
73.233441, 115.151376
72.9901, 123.24692
72.92881, 131.35717
71.474448, 132.06647
70.13055, 132.598991
70.020087, 132.5176
69.949857, 132.485245
69.587821, 132.88718
69.060868, 133.39386
67.772303, 134.03508
66.929288, 134.523281
66.969183, 134.69815
67.533575, 134.676497
70.0815, 133.67287
72.602793, 132.639674
72.861717, 132.6719
73.109065, 133.219339
72.367335, 136.48809
71.895514, 137.144886
71.519444, 137.12248
68.401077, 135.798348
65.482299, 136.87036
64.34221, 138.664022
60.698027, 151.945486
59.402308, 155.975602
59.091563, 155.962148
58.940937, 154.830029
59.47667, 148.0973
59.981361, 143.728717
59.988639, 143.62638
60.030664, 143.602588
60.663792, 144.00587
61.809084, 143.92284
62.951252, 141.80155
63.264833, 140.586198
63.531916, 140.0557
63.393414, 139.789355
62.795099, 140.0557
62.675588, 140.003781
62.881199, 139.06292
63.164792, 137.691215
63.029206, 137.63165
62.622498, 138.18755
61.549753, 140.45282
60.510334, 142.580653
60.388012, 142.56707
60.379038, 142.222057
61.236294, 139.44806
63.076806, 136.210359
64.388181, 135.58815
65.272304, 135.41308
65.351614, 135.19103
65.047295, 134.945561
63.973052, 134.79392
62.591529, 135.510921
60.545713, 139.66294
59.107889, 145.971993
58.613557, 152.815433
58.967431, 156.754018
59.325655, 157.035069
59.756347, 156.723075
61.023508, 152.664136
62.386827, 147.461984
65.038894, 139.06292
65.673704, 137.17661
68.126614, 137.17661
70.497566, 137.395958
71.250793, 137.75966
72.017899, 138.08706
77.734836, 138.35533
83.208355, 138.164795
83.324526, 137.95345
83.26653, 137.547097
83.557518, 136.86138
83.508185, 136.791188
83.240513, 136.94128
80.200929, 138.102744
76.938822, 136.65603
76.743367, 136.567602
76.702867, 136.64183
77.328971, 137.49703
75.399018, 137.63462
73.477765, 137.71444
73.183135, 137.66102
73.055599, 137.460086
73.387645, 134.68265
73.684834, 131.802072
73.700014, 126.0573
73.774274, 120.125271
74.739597, 107.49616
74.902795, 105.81245
76.254053, 106.60408
77.334322, 107.497462
77.423269, 107.94049
77.445803, 108.448621
78.158469, 109.6268
79.075712, 110.76834
78.323639, 109.27915
78.00629, 108.057439
78.263109, 107.78997
79.664442, 108.174184
80.048661, 108.84868
79.903123, 109.143546
79.657985, 109.14803
79.479575, 109.170472
79.425294, 109.42243
79.722269, 109.813428
80.533315, 110.10261
81.284832, 109.944805
81.670871, 109.40766
82.221158, 108.772847
83.02516, 108.88812
83.253928, 109.263322
83.639779, 112.3568
83.920537, 115.528169
84.177523, 117.51931
84.337659, 119.515312
84.313171, 136.38231
83.842844, 153.18664
83.478145, 154.574686
83.325893, 156.218044
84.779095, 159.044384
87.07501, 161.176849
91.212604, 163.378192
95.289883, 164.311974
95.956058, 163.687872
96.070935, 163.326343
97.181649, 161.954057
98.792924, 157.691446
96.966265, 152.490563
96.31834, 151.125782
96.336234, 149.84409
96.640615, 148.482273
97.493979, 143.41457
98.359314, 138.366948
98.480356, 138.11654
98.716684, 138.018499
103.1056, 138.43093
118.69197, 139.444618
125.35016, 138.6616
126.389075, 138.856717
128.57393, 140.94266
130.58736, 143.5257
129.91258, 144.62012
128.217071, 148.305198
126.22725, 156.127748
125.334924, 160.804691
125.15643, 161.731727
125.177969, 162.346175
125.3363, 162.403243
125.584529, 162.090411
125.69597, 161.523111
125.883285, 159.990582
129.1912, 147.43844
129.705697, 146.036686
130.37855, 144.85931
131.208502, 144.223811
131.7999, 144.35158
134.06496, 146.15762
134.3413, 146.00787
134.23175, 145.745277
133.31218, 144.98912
132.358846, 144.204866
129.99961, 141.70725
127.961735, 138.972676
126.53317, 136.14244
125.506945, 133.131408
125.35016, 132.01547
125.218227, 130.937707
125.00435, 130.62413
124.747083, 130.332961
124.65853, 129.98158
124.777969, 129.815695
125.03885, 129.85439
125.145594, 129.796094
125.01085, 129.24814
125.107371, 128.774313
125.50006, 128.80789
126.15856, 129.369972
126.53761, 129.38793
126.915055, 129.394782
127.412, 129.81183
127.914715, 130.309822
128.27834, 130.42557
128.641873, 130.547697
129.32703, 131.21981
130.011038, 131.894283
130.36447, 132.01404
130.717653, 132.134303
131.41183, 132.82086
132.12339, 133.545116
133.84176, 134.80644
135.723949, 135.69066
137.69232, 135.9852
143.133974, 134.65161
147.35516, 130.94642
150.735932, 126.847422
151.45556, 126.70638
151.841002, 126.726737
151.97778, 126.53939
151.855102, 126.222016
151.37261, 125.87354
150.851827, 125.962473
147.65512, 129.37985
142.323375, 134.016289
138.18735, 135.18709
135.734772, 134.85926
133.80339, 133.987
132.037264, 132.729719
131.85933, 132.49056
131.69744, 132.232782
130.72113, 131.28566
129.762, 130.311447
128.17697, 128.3316
126.575552, 126.426913
126.1605, 126.20586
125.073002, 125.602276
124.65855, 124.50847
125.25699, 120.701095
127.41616, 115.95298
132.481632, 109.761097
138.28771, 106.00172
142.043832, 105.055745
142.50417, 105.64054
141.808578, 109.020514
142.2027, 109.24539
142.458604, 109.299822
143.16562, 110.87231
143.633803, 113.252905
143.58719, 116.28522
144.030396, 116.813914
144.70502, 116.36022
145.565707, 115.645909
146.44286, 116.12527
146.921401, 116.815567
147.78858, 117.49586
148.76329, 117.731997
149.91806, 117.36685
150.964585, 116.547662
151.9016, 115.41913
152.73314, 114.18089
151.85246, 113.16955
151.998604, 112.63379
153.55371, 112.60248
154.339493, 113.397845
153.9662, 114.09663
153.542885, 114.373129
153.59788, 114.5051
154.335345, 114.442673
155.28389, 114.13468
156.159519, 114.081942
157.40399, 114.77046
158.584099, 115.671172
158.73447, 115.65076
158.789526, 115.468129
158.51718, 113.99965
158.527398, 112.624227
159.12155, 111.64083
160.035421, 110.727785
160.78584, 109.80172
168.148208, 100.445147
169.97054, 99.0484
171.735465, 98.924066
176.50433, 101.09336
183.094786, 106.653234
186.02966, 111.95966
186.92362, 119.003764
185.36931, 129.23421
184.941906, 131.032187
184.67303, 132.60969
184.949003, 132.712832
185.71627, 131.02123
186.266762, 129.035593
186.41372, 128.50464
186.67382, 128.367266
187.57589, 128.90176
188.622221, 129.791607
190.20104, 130.97721
194.017385, 134.488982
198.08494, 140.29381
201.07177, 145.93669
202.61119, 149.58035
204.473264, 156.467053
204.83052, 161.628013
204.885359, 164.092543
205.05391, 164.147221
205.956907, 161.573999
204.62572, 153.656835
202.470908, 147.359864
200.80873, 143.72894
199.757798, 141.73704
198.64108, 139.55922
195.047355, 134.296942
189.23567, 129.05206
186.856429, 126.998036
186.72269, 126.48185
187.725684, 120.015345
187.23729, 113.82952
182.861793, 104.732779
174.65987, 98.84933
172.854709, 98.007155
172.72656, 97.7909
172.896325, 97.550649
178.69582, 95.67604
181.057094, 94.631069
180.96002, 94.29253
178.962326, 94.630888
173.33173, 96.87402
173.05438, 96.641182
174.05409, 94.13236
176.268881, 89.431607
178.76948, 82.32127
179.653863, 79.721097
180.11352, 78.74181
181.269391, 75.605496
181.79941, 69.86537
181.002185, 64.397538
177.9871, 56.90221
176.59557, 54.904657
175.36868, 54.02312
172.917785, 53.705175
170.35957, 54.80728
165.362579, 59.921526
162.1919, 65.89064
160.003551, 70.0511
158.14587, 71.4754
153.066486, 72.308434
149.67316, 71.14242
149.243598, 70.90482
146.95249, 70.03115
144.640915, 69.192678
144.09963, 68.97329
143.844862, 68.996471
143.80084, 69.17618
144.133096, 69.510299
146.88344, 70.85747
151.432018, 73.455705
154.44377, 76.32766
155.666515, 77.77186
157.77857, 80.04473
159.852004, 82.313796
159.93148, 82.52671
159.824581, 82.665176
158.98049, 82.77552
155.458009, 84.26112
148.11534, 93.83212
146.973224, 95.105551
145.43173, 95.83336
138.863231, 98.858281
132.10319, 105.3822
127.681218, 109.442064
126.13653, 109.22244
126.109874, 109.067104
127.15132, 106.65489
128.468256, 104.507618
129.04516, 104.22251
130.769334, 103.62814
134.73925, 99.84701
139.814058, 95.347807
145.82977, 92.52055
148.699601, 91.56636
148.69256, 91.48499
147.36583, 91.468744
144.22464, 92.16018
139.851856, 94.291142
134.30654, 99.2944
130.509049, 103.128584
129.74875, 103.42167
128.85676, 103.42167
129.7333, 100.9397
130.673563, 98.48297
132.97168, 93.09666
137.401972, 82.187283
139.33168, 76.02067
140.955496, 70.882491
141.90237, 69.23594
142.558661, 68.296565
142.64083, 67.99854
142.208097, 67.172115
135.54531, 63.08077
128.595012, 60.10823
122.80232, 58.95712
117.831947, 57.943751
115.2332, 56.42448
114.938518, 55.797919
115.1468, 54.44447
115.524561, 52.988267
115.66747, 51.19097
115.752906, 49.376857
115.99669, 47.70345
116.979555, 39.002198
116.25894, 38.89033
115.556429, 39.575723
114.54241, 39.33523
111.366494, 37.211582
106.06643, 35.14169
103.282948, 34.294085
102.76436, 34.09858
102.30327, 34.123321
101.06249, 35.07816
101.06242, 35.07823
122.460989, 26.138341
123.18945, 22.80671
122.873244, 22.459916
120.37695, 22.09382
117.66016, 21.97859
117.89844, 23.08796
119.259788, 26.834929
120.1543, 27.37507
120.1543, 27.37507
122.460686, 26.137661
120.1552, 27.37404
119.260693, 26.833986
117.89922, 23.08748
117.65962, 21.97786
120.37725, 22.0947
122.872493, 22.460578
123.18854, 22.80721
123.18854, 22.80721
116.851923, 21.009374
115.40804, 21.22346
110.448523, 22.210991
106.7526, 24.7845
105.001418, 27.27207
104.1032, 29.84789
103.741108, 31.058999
103.1548, 32.1417
102.589781, 33.165808
102.62226, 33.37456
103.035176, 33.332803
105.34512, 28.56209
106.493124, 26.373045
106.78967, 26.35264
107.20369, 26.683276
107.58128, 26.77837
107.98245, 26.858717
109.67345, 27.65144
112.315093, 28.905621
112.38217, 28.81306
109.618358, 26.590174
107.27249, 25.98413
107.048759, 25.750467
107.31269, 25.05882
110.115529, 22.766953
112.02635, 22.57027
112.747391, 22.960455
114.48702, 24.69133
115.637742, 25.821188
115.73999, 25.74275
114.924574, 24.471006
113.07381, 22.60407
113.135333, 22.307935
114.62997, 22.11724
116.87775, 22.22835
117.34215, 23.90519
117.955529, 25.505136
118.76194, 26.7565
119.71732, 27.93097
118.74576, 28.99987
117.878307, 30.134755
117.23952, 31.36268
116.285366, 35.580262
116.97653, 36.30915
117.14414, 36.182614
117.85365, 33.22963
118.877535, 30.367839
120.83974, 27.67218
123.896752, 23.262462
123.57503, 21.96569
121.519775, 21.038524
118.8952, 20.96765
117.583773, 20.966833
117.27632, 20.71075
117.163947, 20.636064
117.07796, 20.72235
117.07795, 20.72235
169.838975, 57.900504
170.11498, 57.90493
170.456809, 57.54647
170.32625, 57.35629
170.053993, 57.445239
169.78957, 57.74886
169.78957, 57.74886
169.838615, 57.900029
169.78906, 57.74812
170.053707, 57.444453
170.32617, 57.35554
170.456894, 57.545798
170.11523, 57.90437
170.11523, 57.90437
171.494825, 57.413935
172.8457, 57.55485
174.607283, 57.66715
175.49304, 57.89376
175.697675, 57.824559
175.66595, 57.60855
173.524487, 56.682723
171.46245, 57.26309
171.46245, 57.26309
176.419845, 56.365423
176.50392, 58.83862
175.914637, 59.811189
175.36965, 59.91919
174.611264, 59.704438
172.89944, 59.46456
171.259437, 59.637773
169.28427, 60.61022
167.564699, 62.067872
166.74395, 63.2164
166.080575, 65.656316
166.33695, 69.70848
166.127909, 70.503552
165.36226, 70.85823
164.175161, 70.924362
163.03534, 71.1183
161.90302, 71.37836
162.13601, 69.23199
163.3104, 64.458379
165.56252, 60.50983
170.602581, 55.561231
173.45301, 54.5852
173.99293, 54.650355
175.12032, 55.02233
175.12032, 55.02233
176.099193, 58.118031
175.49219, 57.8946
174.606719, 57.667701
172.8457, 57.55476
171.49528, 57.414389
171.46289, 57.26374
173.524746, 56.683555
175.66602, 57.60945
176.138463, 58.05352
176.14453, 58.10163
176.14453, 58.10163
178.685105, 60.908503
178.96566, 60.83106
179.075025, 60.796689
179.61802, 61.71034
180.096551, 63.094917
180.07185, 63.63672
180.071894, 64.127343
180.37048, 64.52997
180.632574, 64.98646
180.85314, 69.95024
180.494434, 74.956883
179.72925, 77.75307
178.66094, 80.489195
178.60536, 80.80053
178.552591, 81.11343
176.7252, 86.21629
172.33204, 96.295008
171.10888, 97.3143
169.45499, 97.247607
168.92259, 96.47192
167.899949, 93.992662
163.82479, 91.3438
162.235401, 90.483663
161.8262, 89.89364
161.49819, 89.216717
161.03193, 88.8106
158.687909, 88.223484
155.7817, 88.8329
155.248578, 89.007617
153.87973, 89.26668
152.49648, 89.47552
154.74361, 87.07564
158.031161, 84.172342
159.80449, 83.39679
160.654214, 83.623803
165.12902, 88.04904
169.230482, 93.043343
170.28015, 94.88373
171.087848, 96.362664
171.226777, 96.351137
171.263436, 96.038197
170.67387, 94.05467
169.73073, 92.337378
166.76868, 88.77418
163.609881, 85.325639
159.36614, 80.55008
155.083583, 75.816031
153.65163, 74.4234
152.442292, 72.896709
152.66938, 72.58991
156.443662, 72.987802
158.02481, 72.66841
159.380275, 71.896316
160.28545, 71.0468
161.228154, 70.577291
161.66052, 70.9931
161.433272, 71.784568
160.79599, 72.37449
160.066372, 72.908508
159.93146, 73.23247
159.757366, 73.463998
158.5278, 73.6381
157.424226, 73.817382
157.33786, 74.03521
157.642666, 74.279881
158.74152, 74.43233
159.532981, 74.830811
159.93146, 76.0374
160.616679, 78.293331
162.17924, 79.39618
162.738656, 79.418783
162.77101, 79.29617
162.551294, 78.86736
162.68461, 77.84829
163.165627, 74.901785
162.69801, 74.43233
162.486824, 74.607735
162.22257, 76.97874
162.007222, 78.012462
161.69641, 78.32183
161.464265, 78.184377
161.44896, 76.47037
161.51197, 74.585957
161.35076, 74.43233
161.128941, 74.564507
160.86722, 75.32584
160.777315, 75.33229
160.67027, 74.7099
160.996857, 73.427207
161.91997, 72.57607
167.026165, 71.347572
167.94643, 72.43453
167.853905, 73.020813
167.64719, 74.83607
166.835318, 77.253517
165.63746, 78.14935
164.60002, 78.42389
165.43208, 77.67027
166.021274, 76.853043
166.04811, 76.27016
165.055894, 76.025451
163.86766, 78.36211
163.63097, 80.10776
164.69845, 79.38363
165.793013, 79.133928
168.12239, 79.89224
172.99703, 82.009155
173.6582, 81.83435
173.529853, 81.020394
171.25554, 80.38907
170.812983, 80.29338
168.99756, 79.36475
167.20758, 78.34043
167.91132, 76.75634
168.470537, 75.133824
168.8248, 73.11454
169.784891, 69.88962
172.92346, 65.18633
175.847902, 61.413993
176.87, 59.64823
177.653624, 58.256365
177.909169, 58.14246
178.109314, 58.32335
178.34041, 59.85086
178.34032, 59.85081
178.139804, 62.776378
177.95073, 62.91592
177.691962, 62.791868
177.56792, 62.43938
177.441348, 62.300919
177.18307, 62.40478
177.290792, 63.076911
178.26454, 63.04792
178.806859, 62.157234
178.42289, 61.72458
178.16228, 61.887951
178.13449, 62.32025
178.13449, 62.32024
176.909936, 63.055857
177.18359, 62.40437
177.441845, 62.300805
177.56836, 62.43947
177.692399, 62.791978
177.95117, 62.91604
178.14018, 62.776484
178.13477, 62.32033
178.162919, 61.887897
178.42383, 61.72463
178.807388, 62.157551
178.26367, 63.04885
177.419582, 63.38928
177.04688, 63.32033
177.04688, 63.32038
176.647449, 65.496077
175.87417, 65.75495
174.695992, 66.663451
174.8855, 67.94805
175.476577, 68.398454
175.71892, 68.34852
175.753021, 68.084718
175.29489, 67.49128
175.199526, 67.121096
175.51166, 66.8997
176.284966, 66.654903
177.56792, 65.49717
178.499174, 64.325007
178.544705, 64.188005
178.487688, 64.158415
177.56792, 64.87402
177.56792, 64.87402
175.476238, 68.397767
174.88477, 67.94734
174.696254, 66.663637
175.875, 65.75593
176.648125, 65.496314
177.56836, 64.87312
178.487872, 64.15828
178.545145, 64.18803
178.499431, 64.325679
177.56836, 65.49812
176.285159, 66.655743
175.51172, 66.90046
175.199502, 67.121929
175.29492, 67.49226
175.752632, 68.084469
175.71875, 68.34773
175.71875, 68.34773
175.44003, 70.26256
176.19183, 69.41863
176.763193, 68.525495
176.82351, 67.96727
176.643092, 67.918053
176.07171, 68.8112
176.07171, 68.8112
176.07227, 68.81062
176.643759, 67.917611
176.82422, 67.96687
176.763547, 68.525039
176.19141, 69.41804
175.43945, 70.26179
175.561255, 72.894535
175.49304, 73.12541
175.934317, 73.294091
177.61184, 70.75896
177.456861, 70.626564
176.5663, 71.46773
176.5663, 71.46773
175.560493, 72.894119
176.56641, 71.46687
177.456299, 70.627254
177.61133, 70.75984
175.933612, 73.293929
175.49219, 73.12507
175.49219, 73.12507
174.227311, 74.647586
174.10938, 74.45515
174.220334, 74.145973
174.45508, 74.03523
174.734212, 74.102319
174.80078, 74.21101
174.74782, 74.35855
174.45508, 74.63093
174.45508, 74.63093
174.227814, 74.647745
174.4556, 74.63081
174.748458, 74.358023
174.80141, 74.21025
174.734768, 74.101795
174.4556, 74.03513
174.220732, 74.146079
174.10979, 74.45568
174.10979, 74.45568
172.744696, 76.431763
172.7768, 76.60795
172.907216, 76.610522
173.34773, 76.00268
173.289209, 75.786338
173.06541, 75.83178
173.06541, 75.83178
172.745014, 76.431449
173.06445, 75.8321
173.288759, 75.786066
173.34766, 76.00202
172.907627, 76.60998
172.77734, 76.60749
172.77734, 76.60749
172.105323, 74.66162
172.38086, 74.31452
173.330443, 72.735763
172.47456, 71.88093
172.090603, 71.704011
172.08393, 71.38484
172.502083, 70.930426
172.69917, 70.85749
173.365079, 71.256163
173.76362, 72.84382
173.255886, 74.324869
172.22456, 74.82429
172.22461, 74.82429
172.139248, 73.135855
172.03516, 72.84382
172.168514, 72.580361
172.57422, 72.44734
172.875414, 72.589386
172.90039, 72.84382
172.632247, 73.151339
172.35938, 73.2403
172.35938, 73.2403
172.139467, 73.136346
172.36031, 73.2409
172.632327, 73.15153
172.89944, 72.84378
172.874814, 72.589059
172.57404, 72.44667
172.168233, 72.579992
172.03491, 72.84378
172.03491, 72.84378
171.661341, 73.242697
171.25586, 72.8946
170.700259, 72.32789
170.65234, 72.19929
170.794319, 72.12788
171.38672, 72.74421
171.69188, 73.208629
171.68945, 73.2403
171.68945, 73.2403
170.699795, 72.328052
171.25683, 72.89444
171.379026, 72.887024
171.38739, 72.7445
170.793942, 72.12782
170.65166, 72.19949
170.65166, 72.19949
170.703673, 71.541709
171.29492, 70.84577
171.698986, 70.689345
171.76953, 70.85747
170.990439, 71.56396
170.75195, 71.63872
170.75195, 71.63874
170.704114, 71.541852
170.75257, 71.63925
170.990747, 71.564456
171.76876, 70.85823
171.698373, 70.689698
171.29514, 70.84503
171.29514, 70.84502
172.090912, 71.70452
172.47444, 71.88163
173.330373, 72.736472
172.38074, 74.31539
172.106207, 74.661319
172.22513, 74.82351
173.256272, 74.32431
173.764, 72.84378
173.365485, 71.25671
172.69974, 70.8582
172.502674, 70.931071
172.08454, 71.38523
172.08452, 71.38523
172.986731, 68.351017
172.96094, 67.54499
173.214597, 67.499255
173.33203, 67.74616
173.441959, 68.092144
174.10938, 68.50007
174.322219, 68.704368
174.23828, 68.83405
174.23828, 68.83405
172.986427, 68.350869
174.23858, 68.83307
174.322188, 68.703778
174.10979, 68.50008
173.441768, 68.09175
173.33171, 67.74543
173.213986, 67.499185
172.96008, 67.54549
172.96008, 67.54549
168.36278, 70.582562
168.80273, 69.65437
169.227437, 68.558448
170.75977, 66.57819
175.285073, 61.416695
175.49219, 60.83991
175.348306, 60.677377
172.98047, 60.53327
168.420198, 62.439394
166.51172, 67.08601
167.035542, 70.33324
167.76172, 70.85749
167.76172, 70.85749
169.402029, 75.393761
169.78713, 75.37009
170.2467, 75.102932
170.30585, 74.98543
170.239326, 74.895936
169.78713, 74.82936
169.397206, 74.958162
169.26841, 75.21402
169.26841, 75.21402
169.401513, 75.39401
169.26758, 75.21491
169.39662, 74.958908
169.78711, 74.83015
170.239975, 74.896747
170.30664, 74.9864
170.247304, 75.103439
169.78711, 75.36921
169.78711, 75.36921
169.924264, 76.252588
170.0668, 76.41783
170.505213, 76.271429
170.65162, 75.97822
170.797189, 75.761846
171.17034, 75.7672
171.555428, 75.790881
171.68906, 75.61113
171.325984, 75.297096
170.15326, 75.83478
170.1533, 75.83478
169.923383, 76.252512
170.15231, 75.83405
171.326015, 75.296721
171.68942, 75.6114
171.555577, 75.791402
171.16989, 75.76765
170.79752, 75.762504
170.65231, 75.97859
170.50554, 76.271843
170.06638, 76.41804
170.06641, 76.41804
168.456927, 78.249713
168.53815, 78.5069
169.962757, 78.447405
170.56521, 77.70848
170.602455, 77.277122
170.56521, 77.25373
170.476812, 77.290907
169.1097, 77.78139
169.1097, 77.78139
168.457368, 78.250312
169.10938, 77.78132
170.476079, 77.291136
170.56445, 77.25398
170.601722, 77.277388
170.56445, 77.70905
169.962539, 78.447887
168.53906, 78.50788
168.53906, 78.50788
160.906803, 77.149962
160.8164, 77.21209
160.69551, 77.159124
160.45018, 76.81497
160.432364, 76.534886
160.60267, 76.41786
160.857334, 76.52943
160.9689, 76.81497
160.9689, 76.81497
160.906901, 77.150598
160.96875, 76.81452
160.857538, 76.529474
160.60352, 76.41804
160.432387, 76.534774
160.44922, 76.81452
160.695189, 77.159803
160.81641, 77.21296
160.81641, 77.21296
163.03516, 71.11921
164.174613, 70.924474
165.36133, 70.85749
166.127954, 70.503514
166.33789, 69.70905
166.081051, 65.656824
166.74414, 63.21687
167.565099, 62.067804
169.28516, 60.60945
171.260368, 59.637664
172.90039, 59.46491
174.611203, 59.705136
175.36914, 59.91999
175.914428, 59.81171
176.50391, 58.83796
176.420239, 56.364701
175.12109, 55.02155
173.993262, 54.650655
173.45312, 54.58601
170.602668, 55.561843
165.5625, 60.50984
163.310719, 64.458619
162.13672, 69.23249
161.90234, 71.37898
175.285837, 61.416441
170.75984, 66.57737
169.228011, 68.558591
168.80361, 69.65502
168.362944, 70.583396
167.76121, 70.85823
167.035156, 70.333785
166.51229, 67.08563
168.420579, 62.439272
172.98048, 60.53322
175.349087, 60.677153
175.49302, 60.83971
175.49302, 60.83971
184.816015, 137.058609
184.82999, 137.15223
184.913086, 137.299372
184.65708, 137.57371
184.635128, 137.767352
185.10976, 137.94291
185.961126, 137.79093
186.04034, 137.57371
186.078184, 137.325232
186.45219, 137.17051
187.046978, 137.071293
187.59213, 136.79098
187.527712, 136.596993
185.52162, 136.81838
185.52162, 136.81838
184.634367, 137.767846
184.65625, 137.57422
184.913045, 137.299607
184.83008, 137.15234
184.81608, 137.05868
185.52148, 136.81836
187.527367, 136.597041
187.5918, 136.79106
187.047249, 137.070952
186.45312, 137.16996
186.078711, 137.325075
186.04102, 137.57426
185.961683, 137.791572
185.10938, 137.9434
185.10938, 137.94336
185.452548, 140.44352
187.47487, 139.83132
187.443478, 139.700377
185.97697, 139.22625
184.323962, 138.773851
183.6486, 138.52431
183.286331, 138.509205
183.22313, 138.67086
183.22313, 138.67086
179.716115, 141.331251
180.09576, 142.3391
180.515979, 143.342618
180.7861, 144.12612
181.02774, 144.92036
180.49312, 144.12612
179.967182, 143.326315
179.47297, 142.53766
179.25568, 142.635742
180.15266, 144.7402
181.168712, 146.172814
181.36301, 146.10009
181.540991, 145.374918
182.06349, 144.7218
182.616557, 144.084165
182.75511, 143.59272
182.920739, 143.422753
183.32371, 143.57802
183.555937, 143.553102
183.6272, 143.13025
182.841509, 141.431101
182.39965, 141.35319
182.175797, 141.384186
182.00657, 141.21321
180.594086, 140.038517
179.64493, 140.85987
179.64493, 140.85984
182.306213, 143.777038
182.404302, 143.65232
182.346613, 143.345581
182.064452, 142.73631
181.858517, 142.644503
181.722662, 142.81251
181.831224, 143.425591
182.064452, 143.72853
182.064452, 143.72852
182.305723, 143.777893
182.06349, 143.72906
181.830742, 143.425782
181.72297, 142.81211
181.858314, 142.644797
182.06349, 142.73631
182.346214, 143.346198
182.404, 143.65325
182.404, 143.65316
180.800911, 145.837834
180.152342, 144.74023
179.255241, 142.63524
179.472662, 142.53711
179.966564, 143.326448
180.492192, 144.12695
181.027342, 144.91992
180.785162, 144.12695
180.515418, 143.34341
180.095702, 142.33984
179.715765, 141.331161
179.644532, 140.85938
180.593999, 140.038515
182.005862, 141.21289
182.175715, 141.384574
182.400392, 141.35352
182.841982, 141.431558
183.626952, 143.13086
183.555963, 143.553159
183.324222, 143.57812
182.921435, 143.422341
182.755862, 143.59182
182.617523, 144.084009
182.064452, 144.72268
181.541677, 145.375134
181.363282, 146.09963
181.257071, 146.243541
181.066412, 146.19143
181.066412, 146.19141
176.242758, 143.043188
177.03801, 145.16957
180.683654, 151.326188
187.6588, 158.149267
189.272092, 159.295848
189.339664, 159.228252
188.985185, 158.781705
186.3911, 156.181839
180.106372, 149.067838
177.63761, 144.62252
176.509977, 142.587836
176.18467, 142.69679
176.18467, 142.69679
185.452176, 140.443658
183.22266, 138.66992
183.285919, 138.508236
183.64844, 138.52344
184.323728, 138.773332
185.97656, 139.22656
187.443228, 139.701026
187.47461, 139.83203
187.47461, 139.83203
189.272279, 159.296076
187.658202, 158.148438
180.682921, 151.326009
177.037112, 145.16992
176.243415, 143.043648
176.185552, 142.69727
176.510358, 142.588636
177.636722, 144.62305
180.105642, 149.068104
186.390622, 156.181641
188.985283, 158.7819
189.339842, 159.228516
189.339842, 159.228516
196.480991, 161.980881
197.45216, 161.400666
197.353012, 161.193197
195.48415, 161.031462
194.013522, 161.220489
193.99403, 161.400666
193.99403, 161.400666
194.828867, 161.666012
193.994142, 161.400391
194.01364, 161.220228
195.484382, 161.03125
197.353937, 161.192882
197.453122, 161.400391
197.133405, 161.639339
195.990232, 161.757812
195.990232, 161.757812
166.348173, 149.385506
166.24931, 149.61959
163.624978, 150.867744
155.8502, 152.505164
154.323372, 153.175415
153.17384, 154.682021
150.900944, 159.010402
144.88772, 168.151637
135.243502, 179.779912
130.35627, 183.059847
128.640285, 183.392221
127.3236, 183.055847
125.583047, 181.084274
124.3148, 175.403842
124.01221, 170.732926
124.13216, 175.654845
125.216646, 181.345753
127.01587, 183.500063
128.503334, 184.000916
129.93504, 183.846692
133.584309, 181.897943
138.29937, 177.512255
145.602459, 168.195172
152.34957, 157.370813
154.47104, 153.539482
156.42317, 153.269401
160.692371, 152.36413
164.83487, 150.846715
166.79887, 149.965336
169.19631, 152.406814
176.977338, 159.584106
182.92802, 163.870379
185.412764, 165.235136
188.63393, 166.638754
191.985437, 167.56398
196.24182, 167.933343
200.460802, 167.578425
202.35553, 166.868598
204.069142, 165.710484
204.38201, 165.346612
204.300406, 165.23984
203.5591, 165.537635
200.38234, 166.840651
196.24182, 167.348571
187.037461, 165.482995
178.31193, 159.737005
176.33674, 157.889977
172.38072, 154.315467
168.471737, 150.698313
167.38819, 149.529686
166.312745, 148.647749
166.13054, 148.856196
166.13054, 148.85616
77.405135, 117.824038
79.065724, 119.46119
79.240438, 119.325458
78.665409, 118.27723
77.125355, 116.332449
77.022798, 116.16993
76.97607, 116.165355
76.936348, 116.28154
76.936344, 116.28154
70.098992, 100.175944
73.478516, 99.45708
79.055331, 97.428779
81.248047, 95.83208
82.206284, 94.275406
82.144531, 93.41607
79.299438, 87.73953
78.880859, 86.3106
78.678115, 84.957887
78.15625, 81.77935
77.72035, 78.590712
77.398438, 74.54497
77.177734, 70.49028
75.291016, 67.79497
73.487216, 65.047264
69.800781, 58.85747
66.06106, 52.707813
64.289062, 50.24614
59.825864, 45.800511
55.876953, 43.51958
51.775957, 42.787204
46.759766, 43.69732
43.5204, 45.235671
40.972656, 47.22466
40.413498, 47.684275
38.628906, 48.82036
36.173854, 50.99419
33.732422, 55.16021
32.131496, 60.597298
31.480469, 68.27739
32.248344, 75.120078
34.466797, 81.47661
40.05256, 89.909851
46.851562, 95.57036
56.614078, 99.594798
66.703125, 100.54107
66.703125, 100.54107
61.541859, 143.096882
61.619299, 142.12572
62.132638, 141.426889
62.353535, 141.51363
62.286503, 142.354435
61.865754, 143.16852
61.865754, 143.16852
61.26632, 143.751209
61.865236, 143.16801
62.286204, 142.35422
62.353518, 141.51371
62.132556, 141.426819
61.619143, 142.12504
61.157339, 143.440799
61.150393, 143.70902
61.150393, 143.70902
59.825835, 45.800901
64.289442, 50.24637
66.061469, 52.707854
69.801287, 58.85705
73.487648, 65.046948
75.291415, 67.7947
77.178558, 70.48936
77.398964, 74.54567
77.720223, 78.59078
78.155574, 81.77892
78.678529, 84.957899
78.881733, 86.3108
79.300166, 87.739537
82.14447, 93.41532
82.206036, 94.274806
81.247146, 95.83174
79.054611, 97.4286
73.478215, 99.4573
59.982278, 100.242556
46.850616, 95.57003
40.052097, 89.909455
34.466818, 81.4762
32.248641, 75.119666
31.481051, 68.27698
32.131582, 60.596953
33.732121, 55.15991
36.173959, 50.994109
38.629302, 48.82044
40.412941, 47.684637
40.971796, 47.22515
43.519644, 45.235822
46.759159, 43.69715
51.775492, 42.787402
55.876603, 43.52012
55.876603, 43.52012
