0.06306 0.06453 0.03
0.06406 0.06628 0.0
0.06481 0.06828 0.0
0.06481 0.07078 0.0
0.06456 0.07353 0.0
0.06406 0.07603 0.0
0.06356 0.07903 0.0
0.06331 0.08178 0.0
0.06256 0.08503 0.0
0.06231 0.08753 0.0
0.06231 0.08978 0.0
0.06231 0.09203 0.0
0.06256 0.09403 0.0
0.12531 0.06553 0.03
0.12481 0.06803 0.0
0.12431 0.07078 0.0
0.12381 0.07403 0.0
0.12356 0.07678 0.0
0.12356 0.08003 0.0
0.12381 0.08253 0.0
0.12431 0.08478 0.0
0.12481 0.08703 0.0
0.12531 0.08928 0.0
0.06781 0.12653 0.03
0.06906 0.12978 0.0
0.07006 0.13178 0.0
0.07131 0.13353 0.0
0.07331 0.13553 0.0
0.07556 0.13678 0.0
0.07831 0.13803 0.0
0.08206 0.13928 0.0
0.08431 0.13978 0.0
0.08681 0.14053 0.0
0.08906 0.14103 0.0
0.09156 0.14203 0.0
0.09406 0.14228 0.0
0.09731 0.14228 0.0
0.10006 0.14228 0.0
0.10231 0.14228 0.0
0.10481 0.14203 0.0
0.10781 0.14103 0.0
0.11106 0.14028 0.0
0.11406 0.13928 0.0
0.11631 0.13778 0.0
0.11856 0.13628 0.0
0.12056 0.13503 0.0
0.12256 0.13328 0.0
0.12381 0.13153 0.0
0.12431 0.12953 0.0
0.12531 0.12653 0.0
0.12706 0.12403 0.0
0.12881 0.12128 0.0
0.13006 0.11878 0.0
0.13131 0.11703 0.0
0.13231 0.11478 0.0
0.13356 0.11278 0.0
